1 0.832765432462453 0
1.09090909090909 0.814427719703736 0.074872416007554
1.18181818181818 0.796090006945019 0.148077767218861
1.27272727272727 0.777752294186303 0.219616053633921
1.36363636363636 0.759414581427586 0.289487275252734
1.45454545454545 0.741076868668869 0.357691432075301
1.54545454545455 0.722739155910153 0.42422852410162
1.63636363636364 0.704401443151436 0.489098551331692
1.72727272727273 0.686063730392719 0.552301513765517
1.81818181818182 0.667726017634003 0.613837411403096
1.90909090909091 0.649388304875286 0.673706244244427
2 0.631050592116569 0.731908012289511
2.09090909090909 0.66293089317379 0.790725352529982
2.18181818181818 0.694811194231011 0.852440901957473
2.27272727272727 0.726691495288231 0.917054660571984
2.36363636363636 0.758571796345452 0.984566628373515
2.45454545454545 0.790452097402673 1.05497680536207
2.54545454545455 0.822332398459893 1.12828519153764
2.63636363636364 0.854212699517114 1.20449178690023
2.72727272727273 0.886093000574335 1.28359659144984
2.81818181818182 0.917973301631555 1.36559960518647
2.90909090909091 0.949853602688776 1.45050082811012
3 0.981733903745997 1.53830026022079
3.09090909090909 0.973719493727746 1.62718450556051
3.18181818181818 0.965705083709496 1.71534016817129
3.27272727272727 0.957690673691246 1.80276724805315
3.36363636363636 0.949676263672996 1.88946574520607
3.45454545454545 0.941661853654745 1.97543565963005
3.54545454545455 0.933647443636495 2.06067699132511
3.63636363636364 0.925633033618245 2.14518974029123
3.72727272727273 0.917618623599994 2.22897390652843
3.81818181818182 0.909604213581744 2.31202949003669
3.90909090909091 0.901589803563494 2.39435649081602
4 0.893575393545244 2.47595490886641
4.09090909090909 0.888258359215935 2.55694735217374
4.18181818181818 0.882941324886627 2.63745642872386
4.27272727272727 0.877624290557319 2.71748213851676
4.36363636363636 0.87230725622801 2.79702448155246
4.45454545454546 0.866990221898702 2.87608345783095
4.54545454545454 0.861673187569394 2.95465906735222
4.63636363636364 0.856356153240085 3.03275131011629
4.72727272727273 0.851039118910777 3.11036018612315
4.81818181818182 0.845722084581469 3.1874856953728
4.90909090909091 0.84040505025216 3.26412783786523
5 0.835088015922852 3.34028661360046
5.09090909090909 0.783908202296927 3.41387735079227
5.18181818181818 0.732728388671002 3.48281537765445
5.27272727272727 0.681548575045077 3.547100694187
5.36363636363636 0.630368761419152 3.60673330038992
5.45454545454545 0.579188947793227 3.66171319626321
5.54545454545455 0.528009134167301 3.71204038180687
5.63636363636364 0.476829320541376 3.7577148570209
5.72727272727273 0.425649506915451 3.7987366219053
5.81818181818182 0.374469693289526 3.83510567646007
5.90909090909091 0.323289879663601 3.86682202068521
6 0.272110066037676 3.89388565458073
6.09090909090909 0.25359067370732 3.91778114275095
6.18181818181818 0.235071281376963 3.93999304980024
6.27272727272727 0.216551889046606 3.96052137572858
6.36363636363636 0.19803249671625 3.97936612053599
6.45454545454545 0.179513104385893 3.99652728422245
6.54545454545455 0.160993712055536 4.01200486678797
6.63636363636364 0.14247431972518 4.02579886823254
6.72727272727273 0.123954927394823 4.03790928855618
6.81818181818182 0.105435535064466 4.04833612775888
6.90909090909091 0.0869161427341096 4.05707938584063
7 0.0683967504037529 4.06413906280144
7.09090909090909 0.081971326330748 4.07097397538028
7.18181818181818 0.0955459022577431 4.07904294031612
7.27272727272727 0.109120478184738 4.08834595760896
7.36363636363636 0.122695054111733 4.0988830272588
7.45454545454545 0.136269630038728 4.11065414926564
7.54545454545455 0.149844205965724 4.12365932362948
7.63636363636364 0.163418781892719 4.13789855035032
7.72727272727273 0.176993357819714 4.15337182942816
7.81818181818182 0.190567933746709 4.17007916086299
7.90909090909091 0.204142509673704 4.18802054465483
8 0.217717085600699 4.20719598080367
8.09090909090909 0.275412462568314 4.22961096026589
8.18181818181818 0.33310783953593 4.25727097399791
8.27272727272727 0.390803216503546 4.2901760219997
8.36363636363636 0.44849859347116 4.32832610427128
8.45454545454545 0.506193970438775 4.37172122081264
8.54545454545455 0.563889347406392 4.42036137162378
8.63636363636364 0.621584724374007 4.47424655670471
8.72727272727273 0.679280101341622 4.53337677605542
8.81818181818182 0.736975478309238 4.59775202967591
8.90909090909091 0.794670855276854 4.66737231756619
9 0.852366232244468 4.74223763972625
9.09090909090909 0.80844750449624 4.81772917321446
9.18181818181818 0.764528776748014 4.8892280950892
9.27272727272727 0.720610048999786 4.95673440535047
9.36363636363636 0.676691321251559 5.02024810399825
9.45454545454546 0.632772593503331 5.07976919103257
9.54545454545454 0.588853865755104 5.13529766645341
9.63636363636364 0.544935138006876 5.18683353026077
9.72727272727273 0.501016410258649 5.23437678245466
9.81818181818182 0.457097682510421 5.27792742303507
9.90909090909091 0.413178954762194 5.31748545200201
10 0.369260227013966 5.35305086935547
