1 0.434897447207429 0
1.09090909090909 0.406764127672836 0.0382573443127393
1.18181818181818 0.378630808138244 0.0739571141223339
1.27272727272727 0.350497488603651 0.107099309428784
1.36363636363636 0.322364169069058 0.137683930232089
1.45454545454545 0.294230849534465 0.165710976532249
1.54545454545455 0.266097529999873 0.191180448329264
1.63636363636364 0.23796421046528 0.214092345623135
1.72727272727273 0.209830890930687 0.23444666841386
1.81818181818182 0.181697571396094 0.252243416701441
1.90909090909091 0.153564251861501 0.267482590485878
2 0.125430932326909 0.280164189767169
2.09090909090909 0.136953535553512 0.292090756489006
2.18181818181818 0.148476138780115 0.30506483259508
2.27272727272727 0.159998742006719 0.319086418085391
2.36363636363636 0.171521345233322 0.334155512959938
2.45454545454545 0.183043948459925 0.350272117218722
2.54545454545455 0.194566551686528 0.367436230861743
2.63636363636364 0.206089154913132 0.385647853889
2.72727272727273 0.217611758139735 0.404906986300494
2.81818181818182 0.229134361366338 0.425213628096225
2.90909090909091 0.240656964592942 0.446567779276192
3 0.252179567819545 0.468969439840396
3.09090909090909 0.259151241185426 0.492211749340622
3.18181818181818 0.266122914551307 0.516087847328655
3.27272727272727 0.273094587917187 0.540597733804496
3.36363636363636 0.280066261283068 0.565741408768144
3.45454545454545 0.287037934648949 0.591518872219599
3.54545454545455 0.29400960801483 0.617930124158862
3.63636363636364 0.300981281380711 0.644975164585932
3.72727272727273 0.307952954746592 0.672653993500809
3.81818181818182 0.314924628112472 0.700966610903494
3.90909090909091 0.321896301478353 0.729913016793986
4 0.328867974844234 0.759493211172285
4.09090909090909 0.332569207177339 0.789558537627811
4.18181818181818 0.336270439510444 0.819960339749983
4.27272727272727 0.339971671843549 0.850698617538801
4.36363636363636 0.343672904176655 0.881773370994265
4.45454545454546 0.34737413650976 0.913184600116375
4.54545454545454 0.351075368842865 0.94493230490513
4.63636363636364 0.35477660117597 0.977016485360532
4.72727272727273 0.358477833509075 1.00943714148258
4.81818181818182 0.36217906584218 1.04219427327127
4.90909090909091 0.365880298175285 1.07528788072661
5 0.36958153050839 1.1087179638486
5.09090909090909 0.373767645907311 1.14250656277658
5.18181818181818 0.377953761306231 1.17667571764993
5.27272727272727 0.382139876705151 1.21122542846863
5.36363636363636 0.386325992104072 1.24615569523268
5.45454545454545 0.390512107502992 1.28146651794209
5.54545454545455 0.394698222901913 1.31715789659686
5.63636363636364 0.398884338300833 1.35322983119699
5.72727272727273 0.403070453699753 1.38968232174247
5.81818181818182 0.407256569098674 1.42651536823331
5.90909090909091 0.411442684497594 1.4637289706695
6 0.415628799896514 1.50132312905105
6.09090909090909 0.439040729938136 1.54017174404353
6.18181818181818 0.462452659979758 1.58114871631253
6.27272727272727 0.48586459002138 1.62425404585804
6.36363636363636 0.509276520063002 1.66948773268005
6.45454545454545 0.532688450104624 1.71684977677858
6.54545454545455 0.556100380146246 1.76634017815362
6.63636363636364 0.579512310187867 1.81795893680517
6.72727272727273 0.602924240229489 1.87170605273323
6.81818181818182 0.626336170271111 1.92758152593781
6.90909090909091 0.649748100312733 1.98558535641889
7 0.673160030354355 2.04571754417648
7.09090909090909 0.648461755878761 2.10579126173253
7.18181818181818 0.623763481403168 2.16361968160899
7.27272727272727 0.599065206927574 2.21920280380584
7.36363636363636 0.574366932451981 2.27254062832309
7.45454545454545 0.549668657976387 2.32363315516074
7.54545454545455 0.524970383500794 2.3724803843188
7.63636363636364 0.5002721090252 2.41908231579725
7.72727272727273 0.475573834549606 2.46343894959611
7.81818181818182 0.450875560074013 2.50555028571536
7.90909090909091 0.426177285598419 2.54541632415502
8 0.401479011122826 2.58303706491507
8.09090909090909 0.36526103804641 2.61788888533186
8.18181818181818 0.329043064969993 2.64944816274169
8.27272727272727 0.292825091893576 2.67771489714458
8.36363636363636 0.25660711881716 2.70268908854053
8.45454545454545 0.220389145740744 2.72437073692952
8.54545454545455 0.184171172664326 2.74275984231157
8.63636363636364 0.14795319958791 2.75785640468667
8.72727272727273 0.111735226511494 2.76966042405483
8.81818181818182 0.0755172534350766 2.77817190041603
8.90909090909091 0.0392992803586598 2.7833908337703
9 0.00308130728224354 2.78531722411761
9.09090909090909 0.0224781588501917 2.78647901803272
9.18181818181818 0.0418750104181394 2.78940416209037
9.27272727272727 0.0612718619860875 2.79409265629056
9.36363636363636 0.0806687135540353 2.8005445006333
9.45454545454546 0.100065565121983 2.80875969511857
9.54545454545454 0.119462416689931 2.81873823974638
9.63636363636364 0.138859268257879 2.83048013451674
9.72727272727273 0.158256119825827 2.84398537942963
9.81818181818182 0.177652971393775 2.85925397448507
9.90909090909091 0.197049822961723 2.87628591968305
10 0.216446674529671 2.89508121502357
