1 0.664540460642679 -0.497740556893726 0
1.09090909090909 0.619372696742415 -0.495055094921253 0.0583578394803331
1.18181818181818 0.574693198655328 -0.486998709003831 0.112628013523263
1.27272727272727 0.530990232194596 -0.473571399141463 0.162877103830585
1.36363636363636 0.488752063173394 -0.454773165334147 0.209216079905296
1.45454545454545 0.448466957404901 -0.430604007581883 0.251800299051588
1.54545454545455 0.410623180702293 -0.401063925884672 0.29082950637485
1.63636363636364 0.375708998878747 -0.366152920242514 0.326547834781673
1.72727272727273 0.34421267774744 -0.325870990655408 0.359243804979842
1.81818181818182 0.31662248312155 -0.280218137123354 0.389250325478341
1.90909090909091 0.293426680814253 -0.229194359646353 0.416944692587354
2 0.275113536638726 -0.172799658224405 0.442748590418259
2.09090909090909 0.262070130856252 -0.114373156070046 0.467125791212002
2.18181818181818 0.254278801520532 -0.0572539763958129 0.490556858951116
2.27272727272727 0.251620701133373 -0.00144211920170548 0.513513852971752
2.36363636363636 0.253976982196582 0.0530624155122761 0.536458028292043
2.45454545454545 0.261228797211965 0.106259627746132 0.559839835612105
2.54545454545455 0.273257298681329 0.158149517499862 0.584098921314036
2.63636363636364 0.289943639106482 0.208732084773466 0.609664127461917
2.72727272727273 0.311168970989229 0.258007329566944 0.636953491801809
2.81818181818182 0.336814446831377 0.305975251880297 0.666374247761758
2.90909090909091 0.366761219134733 0.352635851713523 0.698322824451793
3 0.400890440401104 0.397989129066624 0.733184846663922
3.09090909090909 0.438924720355635 0.436803172309742 0.771331531627215
3.18181818181818 0.47995249761682 0.463846069813022 0.813080053313633
3.27272727272727 0.522903668026493 0.479117821576463 0.858653906743864
3.36363636363636 0.566708127426485 0.482618427600065 0.908179304742399
3.45454545454545 0.61029577165863 0.474347887883828 0.961685177937533
3.54545454545455 0.652596496564762 0.454306202427753 1.01910317476136
3.63636363636364 0.692540197986712 0.422493371231839 1.08026766144979
3.72727272727273 0.729056771766313 0.378909394296086 1.14491572204251
3.81818181818182 0.761076113745399 0.323554271620494 1.21268715838304
3.90909090909091 0.787528119765802 0.256428003205064 1.28312449011868
4 0.807342685669354 0.177530589049795 1.35567295470055
4.09090909090909 0.819650074294666 0.0934741400482807 1.42968506117895
4.18181818181818 0.824382016467446 0.0108707670941161 1.50447068195254
4.27272727272727 0.821670610010182 -0.0702795298127001 1.57934714451757
4.36363636363636 0.81164795274536 -0.149976750672165 1.65364378526325
4.45454545454546 0.794446142495466 -0.228220895484283 1.72670194947173
4.54545454545454 0.770197277082986 -0.30501196424905 1.79787499131811
4.63636363636364 0.739033454330407 -0.380349956966469 1.86652827387045
4.72727272727273 0.701086772060215 -0.454234873636538 1.93203916908977
4.81818181818182 0.656489328094895 -0.526666714259258 1.99379705783003
4.90909090909091 0.605373220256936 -0.597645478834629 2.05120332983815
5 0.547870546368822 -0.66717116736265 2.10367138375401
5.09090909090909 0.484541392145417 -0.721120179394883 2.15063635410799
5.18181818181818 0.417657794871093 -0.745368914482888 2.19166210829406
5.27272727272727 0.349919779722596 -0.739917372626665 2.22654824354291
5.36363636363636 0.284027371876676 -0.704765553826214 2.25533981391946
5.45454545454545 0.222680596510079 -0.639913458081536 2.27832733032289
5.54545454545455 0.168579478799555 -0.545361085392628 2.29604676048663
5.63636363636364 0.12442404392185 -0.421108435759493 2.30927952897835
5.72727272727273 0.0929143170537143 -0.26715550918213 2.31905251719998
5.81818181818182 0.0767503233718943 -0.08350230566054 2.3266380633877
5.90909090909091 0.0786320880531383 0.129851174805279 2.33355396261193
6 0.101259636274194 0.372904932215325 2.34156346677736
6.09090909090909 0.146182270595521 0.607685120232063 2.35264913183616
6.18181818181818 0.210346403112422 0.796217892517957 2.36872513713398
6.27272727272727 0.289547723303912 0.938503249073007 2.39134960475583
6.36363636363636 0.379581920649004 1.03454118989721 2.42169844673935
6.45454545454545 0.476244684626713 1.08433171499057 2.46056536507482
6.54545454545455 0.575331704716054 1.08787482435309 2.50836185170517
6.63636363636364 0.672638670396038 1.04517051798476 2.56511718852594
6.72727272727273 0.763961271145682 0.956218795885593 2.63047844738534
6.81818181818182 0.845095196443999 0.821019658055579 2.70371049008421
6.90909090909091 0.911836135770004 0.639573104494719 2.783695968376
7 0.95997977860271 0.411879135203015 2.86893532396683
7.09090909090909 0.986503292845866 0.17692653819669 2.95757364029783
7.18181818181818 0.993109760102157 -0.0262958985080315 3.04769601215133
7.27272727272727 0.982683740399 -0.19778817491115 3.13762291525703
7.36363636363636 0.958109793763814 -0.337550291012665 3.22593705807442
7.45454545454545 0.922272480224018 -0.445582246812578 3.31148338179274
7.54545454545455 0.87805635980703 -0.521884042310887 3.39336906033099
7.63636363636364 0.828345992540269 -0.566455677507594 3.47096350033796
7.72727272727273 0.776025938451153 -0.579297152402697 3.54389834119218
7.81818181818182 0.7239807575671 -0.560408466996196 3.61206745500196
7.90909090909091 0.675095009915529 -0.509789621288093 3.67562694660537
8 0.632253255523859 -0.427440615278387 3.73499515357024
8.09090909090909 0.597745267896185 -0.332989404236753 3.79083912831864
8.18181818181818 0.571481674443306 -0.246063943432862 3.84392594149605
8.27272727272727 0.552778316052702 -0.166664232866717 3.89497398534052
8.36363636363636 0.54095103361185 -0.0947902725383185 3.94463945580714
8.45454545454545 0.535315668008227 -0.0304420624476648 3.99351635256804
8.54545454545455 0.535188060129313 0.0263803974052458 4.04213647901242
8.63636363636364 0.539884050862583 0.0756771070204092 4.09096944224647
8.72727272727273 0.548719481095516 0.117448066397827 4.14042265309348
8.81818181818182 0.561010191715589 0.151693275537501 4.19084132609375
8.90909090909091 0.576072023610282 0.17841273443943 4.24250847950464
9 0.593220817667069 0.197606443103613 4.29564493530053
9.09090909090909 0.611865186700524 0.212335875124137 4.35041142762577
9.18181818181818 0.631784831233592 0.225662504095086 4.40693179577637
9.27272727272727 0.652852223716311 0.237586330016463 4.46531617718187
9.36363636363636 0.674939836598719 0.248107352888265 4.52566311585812
9.45454545454546 0.697920142330857 0.257225572710494 4.58805956240738
9.54545454545454 0.721665613362761 0.26494098948315 4.65258087401827
9.63636363636364 0.746048722144472 0.271253603206231 4.71929081446576
9.72727272727273 0.770941941126028 0.276163413879739 4.7882415541112
9.81818181818182 0.796217742757468 0.279670421503673 4.8594736699023
9.90909090909091 0.82174859948883 0.281774626078034 4.93301614537316
10 0.847406983770154 0.282476027602821 5.00888637064421
