1 0.489246746752992 0.290551652468494 0
1.09090909090909 0.515620103926488 0.2892174817884 0.045676684790307
1.18181818181818 0.541750884612695 0.28521496974812 0.093741759002171
1.27272727272727 0.567396512324323 0.278544116347652 0.144162144023689
1.36363636363636 0.592314410574081 0.269204921586996 0.196882708835021
1.45454545454545 0.61626200287468 0.257197385466154 0.251826270008395
1.54545454545455 0.63899671273883 0.242521507985124 0.308893591708101
1.63636363636364 0.660275963679242 0.225177289143907 0.367963385690494
1.72727272727273 0.679857179208626 0.205164728942503 0.428892311303993
1.81818181818182 0.697497782839692 0.182483827380912 0.491514975489083
1.90909090909091 0.71295519808515 0.157134584459134 0.555643932778312
2 0.72598684845771 0.129117000177168 0.621069685296295
2.09090909090909 0.736382809632816 0.0995085959051804 0.687561424854316
2.18181818181818 0.744063765936838 0.0693868930133366 0.754875195991016
2.27272727272727 0.748983053858882 0.0387518915016366 0.822762059013075
2.36363636363636 0.751094009888049 0.00760359137008022 0.890968832089817
2.45454545454545 0.750349970513446 -0.0240580073813326 0.959238091253212
2.54545454545455 0.746704272224175 -0.0562329047526016 1.02730817039788
2.63636363636364 0.740110251509341 -0.088921100743727 1.09491316128108
2.72727272727273 0.730521244858047 -0.122122595354709 1.16178291352271
2.81818181818182 0.717890588759398 -0.155837388585547 1.22764303460535
2.90909090909091 0.702171619702498 -0.190065480436241 1.29221488987417
3 0.68331767417645 -0.224806870906791 1.35521560253704
3.09090909090909 0.661351835005577 -0.257759930934963 1.41635963880842
3.18181818181818 0.636576170355081 -0.286623031458519 1.47537624449322
3.27272727272727 0.60936249472538 -0.311396172477461 1.53202688157058
3.36363636363636 0.580082622616895 -0.332079353991788 1.58610681333787
3.45454545454545 0.549108368530044 -0.3486725760015 1.63744510441067
3.54545454545455 0.516811546965247 -0.361175838506597 1.68590462072279
3.63636363636364 0.483563972422924 -0.36958914150708 1.73138202952624
3.72727272727273 0.449737459403493 -0.373912485002948 1.77380779939128
3.81818181818182 0.415703822407376 -0.374145868994201 1.81314620020637
3.90909090909091 0.381834875934991 -0.370289293480839 1.84939530317819
4 0.348502434486757 -0.362342758462863 1.88258698083165
4.09090909090909 0.316122221707134 -0.348857262186987 1.91278790494495
4.18181818181818 0.285285597816735 -0.328383802899929 1.94011052383565
4.27272727272727 0.256627832180213 -0.300922380601688 1.9647240396466
4.36363636363636 0.230784194162221 -0.266472995292265 1.9868554062811
4.45454545454546 0.208389953127413 -0.225035646971658 2.00678932940286
4.54545454545454 0.190080378440441 -0.176610335639869 2.02486826643602
4.63636363636364 0.176490739465957 -0.121197061296896 2.04149242656513
4.72727272727273 0.168256305568616 -0.0587958239427424 2.05711977073519
4.81818181818182 0.16601234611307 0.0105933764225958 2.0722660116516
4.90909090909091 0.170394130463973 0.0869705397991162 2.08750461378019
5 0.182036927985976 0.170335666186819 2.10346679334721
5.09090909090909 0.201285090666217 0.251088482127684 2.12083490658075
5.18181818181818 0.227319300981771 0.319628714163688 2.14026972036638
5.27272727272727 0.259029324032195 0.375956362294832 2.16233768290273
5.36363636363636 0.295304924917048 0.420071426521116 2.18750431194297
5.45454545454545 0.335035868735887 0.45197390684254 2.21613419479474
5.54545454545455 0.377111920588272 0.471663803259104 2.24849098832021
5.63636363636364 0.420422845573759 0.479141115770808 2.28473741893604
5.72727272727273 0.463858408791908 0.474405844377652 2.3249352826134
5.81818181818182 0.506308375342276 0.457457989079635 2.36904544487797
5.90909090909091 0.546662510324421 0.428297549876758 2.41692784080993
6 0.583810578837903 0.386924526769021 2.46834147504396
6.09090909090909 0.616873159288731 0.340955758869366 2.52294966752623
6.18181818181818 0.645894083308727 0.298008085290733 2.58037775684098
6.27272727272727 0.671147995836167 0.258081506033123 2.64027080353714
6.36363636363636 0.692909541809326 0.221176021096536 2.7022988358853
6.45454545454545 0.711453366166478 0.187291630480972 2.76615684987774
6.54545454545455 0.727054113845897 0.15642833418643 2.83156480922837
6.63636363636364 0.73998642978586 0.128586132212911 2.89826764537277
6.72727272727273 0.75052495892464 0.103765024560416 2.96603525746819
6.81818181818182 0.758944346200512 0.0819650112289425 3.03466251239353
6.90909090909091 0.765519236551751 0.0631860922184923 3.10396924474935
7 0.770524274916632 0.0474282675290649 3.17380025685789
7.09090909090909 0.774253616572184 0.0353353783395373 3.24402576217983
7.18181818181818 0.77707945815045 0.0275512658287871 3.31454626289898
7.27272727272727 0.77939350662223 0.0240759299968142 3.38529742750699
7.36363636363636 0.781587468958319 0.0249093708436185 3.45625053422012
7.45454545454545 0.784053052129517 0.0300515883692 3.52741247097926
7.54545454545455 0.787181963106621 0.0395025825735589 3.59882573544991
7.63636363636364 0.79136590886043 0.0532623534566949 3.67056843502218
7.72727272727273 0.796996596361741 0.0713309010186082 3.74275428681082
7.81818181818182 0.804465732581352 0.0937082252592987 3.81553261765518
7.90909090909091 0.814165024490061 0.120394326178766 3.88908836411922
8 0.826486179058666 0.151389203777011 3.96364207249155
8.09090909090909 0.841610184667222 0.179739144559502 4.03944510972648
8.18181818181818 0.85887515533281 0.198490435031706 4.11672698379641
8.27272727272727 0.877408486481766 0.207643075193625 4.19564266404407
8.36363636363636 0.89633757354043 0.207197065045257 4.27626779212369
8.45454545454545 0.914789811935137 0.197152404586603 4.35859868200099
8.54545454545455 0.931892597092228 0.177509093817662 4.44255231995318
8.63636363636364 0.946773324438037 0.148267132738436 4.52796636456894
8.72727272727273 0.958559389398904 0.109426521348924 4.61459914674843
8.81818181818182 0.966378187401166 0.0609872596491244 4.70212966970332
8.90909090909091 0.96935711387116 0.00294934763903881 4.79015760895676
9 0.966623564235225 -0.0646872146813315 4.87820331234335
9.09090909090909 0.957550141964999 -0.13383056181705 4.96571337291935
9.18181818181818 0.942490282713325 -0.196388828273175 5.05212193097392
9.27272727272727 0.922042630178348 -0.25236201404971 5.13691197604046
9.36363636363636 0.896805828058214 -0.30175011914665 5.21962091980679
9.45454545454546 0.867378520051066 -0.344553143564 5.29984059611508
9.54545454545454 0.83435934985505 -0.380771087301757 5.37721726096187
9.63636363636364 0.79834696116831 -0.410403950359922 5.4514515924981
9.72727272727273 0.759939997688992 -0.433451732738494 5.52229869102906
9.81818181818182 0.719737103115238 -0.449914434437475 5.58956807901444
9.90909090909091 0.678336921145196 -0.459792055456863 5.65312370106831
10 0.636338095477008 -0.46308459579666 5.71288392395908
