-1 0.352768526288806
-0.931034482758621 0.42025473964791
-0.862068965517241 0.459115270864876
-0.793103448275862 0.457266468496434
-0.724137931034483 0.405621687900844
-0.655172413793103 0.300095122062326
-0.586206896551724 0.14314105058578
-0.517241379310345 -0.055529850054142
-0.448275862068966 -0.279312895670804
-0.379310344827586 -0.506235514702641
-0.310344827586207 -0.71152138097729
-0.241379310344828 -0.870857056445577
-0.172413793103448 -0.963862216447715
-0.103448275862069 -0.977186726916957
-0.0344827586206896 -0.906688814141974
0.0344827586206897 -0.758288623110649
0.103448275862069 -0.547316598241629
0.172413793103448 -0.296442520254449
0.241379310344828 -0.0325246184353784
0.310344827586207 0.217093056771719
0.379310344827586 0.428220819307285
0.448275862068966 0.582818989088007
0.517241379310345 0.670906672885256
0.586206896551724 0.691155984861484
0.655172413793103 0.650186469779569
0.724137931034483 0.560794995573927
0.793103448275862 0.439513546815544
0.862068965517241 0.303956654831133
0.931034482758621 0.170397770346957
1 0.0519151497031734
