-1 -0.0419504188515136 -0.0697956006077493 0 -0.00162753850881765 -0.0200353722719194 0 0.612498419069047 -0.927851173042858 0
-0.97979797979798 -0.0434472644438152 -0.0786301693948266 -0.000862302508115718 -0.00208224282346325 -0.0251555807918259 -3.72985058531512E-05 0.593490891939216 -0.954269747403959 0.0121826085592297
-0.95959595959596 -0.0451376938326423 -0.0889946508736328 -0.00175674769057659 -0.00265166292277913 -0.0314256899499935 -8.49026099513133E-05 0.573925977568108 -0.983077441685417 0.0239756777508299
-0.939393939393939 -0.0470547496679043 -0.101103348280317 -0.00268757280631578 -0.00336115039061575 -0.0390603988033715 -0.000145378578501537 0.553752688702773 -1.01454353254691 0.0353674413648528
-0.919191919191919 -0.0492359764859215 -0.115187443028674 -0.00365972754172049 -0.00424068377342601 -0.0483033154300025 -0.000221850584424302 0.532914630214521 -1.0489331704511 0.0463450483810134
-0.898989898989899 -0.0517237469486553 -0.131493409030781 -0.00467896830703912 -0.00532546509120784 -0.0594280917442856 -0.000318100168003068 0.511350143277151 -1.08650120504759 0.0568944549650281
-0.878787878787879 -0.0545655479493647 -0.150280605292212 -0.00575195874603855 -0.0066565324287455 -0.0727388461618924 -0.000438677934893817 0.488992583602797 -1.12748508777603 0.0670003207003654
-0.858585858585858 -0.0578142087904471 -0.171817929266917 -0.00688637547239133 -0.00828137205326672 -0.088569655852563 -0.000589027656563542 0.465770752307721 -1.17209686311456 0.0766459119516261
-0.838383838383838 -0.0615280513238451 -0.196379420206612 -0.00809101766317764 -0.0102545088847191 -0.107282880304855 -0.000775622557820781 0.441609497460503 -1.22051428924017 0.0858130156267209
-0.818181818181818 -0.065770939825527 -0.224238714591308 -0.00937591871179158 -0.0126380491788579 -0.129266064066968 -0.00100611309865907 0.416430503209642 -1.27287116238497 0.0944818669591737
-0.797979797979798 -0.0706122065850995 -0.255662275520222 -0.0107524576747234 -0.0155021441199629 -0.154927161275389 -0.00128948497758183 0.390153281516455 -1.32924695642513 0.102631095255604
-0.777777777777778 -0.0761264278771222 -0.290901345368866 -0.0122334677472475 -0.0189253378594914 -0.184687830565212 -0.00163622539886173 0.362696378863066 -1.38965592955369 0.110237691831532
-0.757575757575757 -0.0823930243016105 -0.330182606555102 -0.0138333384831921 -0.0229947586334175 -0.218974568858383 -0.00205849485934059 0.333978806811474 -1.45403589234751 0.117277004574709
-0.737373737373737 -0.0894956596038471 -0.373697579092121 -0.0155681079482088 -0.0278061072521777 -0.258207488947477 -0.00257030082961051 0.303921700925917 -1.52223687497904 0.123722763711869
-0.717171717171717 -0.0975214131744921 -0.421590835564615 -0.0174555404821836 -0.0334633938409094 -0.302786601066294 -0.00318766874467482 0.272450207331242 -1.59400997433805 0.129547143394519
-0.696969696969697 -0.106559703648877 -0.473947173640633 -0.0195151852658203 -0.0400783716147329 -0.353075534629494 -0.00392880470309389 0.239495590089242 -1.66899670278981 0.134720863644539
-0.676767676767676 -0.116700944510964 -0.530777952131349 -0.0217684104632198 -0.0477696161358737 -0.4093827342029 -0.00481424323222571 0.204997545692661 -1.74671919738434 0.139213336994393
-0.656565656565656 -0.128034917477001 -0.592006867307899 -0.024238407373312 -0.0566612003628766 -0.471940283773611 -0.0058669724504345 0.16890670340056 -1.82657167958261 0.142992863804482
-0.636363636363636 -0.140648855762288 -0.657455519498745 -0.0269501587970522 -0.0668809203067431 -0.540880654587277 -0.00711252799400314 0.131187282007595 -1.90781357893256 0.146026879729066
-0.616161616161616 -0.154625237147797 -0.726829193194139 -0.0299303657441967 -0.078558033661421 -0.616211831849468 -0.00857904623449882 0.0918198651335251 -1.989564747551 0.148282258122557
-0.595959595959596 -0.170039296027667 -0.799703343735826 -0.0332073266929956 -0.0918204847194611 -0.697791450426339 -0.0102972666566759 0.050804248459125 -2.07080319376545 0.149725669324693
-0.575757575757575 -0.186956274229386 -0.875511346490337 -0.0368107639066492 -0.106791603460625 -0.78530075340881 -0.0123004728688145 0.00816230378017335 -2.15036575102881 0.150323997735345
-0.555555555555555 -0.205428442173911 -0.953534116183902 -0.0407715918273975 -0.12358628501396 -0.878219371992633 -0.0146243616513942 -0.036059203403998 -2.22695207070251 0.150044816392736
-0.535353535353535 -0.225491934617639 -1.03289224062642 -0.0451216233336108 -0.142306677659389 -0.975802100239206 -0.0173068297911777 -0.0817859134857388 -2.29913228334565 0.148856917413747
-0.515151515151515 -0.247163458442058 -1.11254129018528 -0.0498932106720158 -0.163037432836823 -1.0770589911485 -0.0203876692671573 -0.128913366620935 -2.3653586120683 0.146730895159942
-0.494949494949494 -0.270436943297098 -1.19127095812157 -0.0551188191730816 -0.185840598670263 -1.18074021587485 -0.0239081627142708 -0.177304772936528 -2.42398114319481 0.143639777382602
-0.474747474747474 -0.295280218851986 -1.26770865376739 -0.0608305334199188 -0.210750268361097 -1.28532718837446 -0.0279105730368253 -0.22678914434678 -2.47326786448422 0.139559697906668
-0.454545454545454 -0.321631814390024 -1.34032810771286 -0.0670594973562182 -0.237767125157688 -1.38903144412152 -0.0324375236001931 -0.277159874387701 -2.51142897073163 0.134470602675538
-0.434343434343434 -0.34939798688142 -1.40746345386787 -0.0738352918610579 -0.266853054770054 -1.48980265401079 -0.0375312685903239 -0.328173851245143 -2.53664531274183 0.12835697924128
-0.414141414141414 -0.378450091836495 -1.4673291268566 -0.0811852555493343 -0.297926021982028 -1.58534693469703 -0.0432328568514323 -0.3795511853038 -2.54710073120731 0.12120859809838
-0.393939393939393 -0.40862241653746 -1.51804575551049 -0.0891337569245736 -0.330855428393583 -1.6731562699974 -0.0495811967026393 -0.430975625901416 -2.54101787545175 0.113021252678507
-0.373737373737373 -0.439710597059831 -1.55767204664775 -0.0977014284516634 -0.365458180059515 -1.75054937806842 -0.0566120337526841 -0.482095732432522 -2.51669696251551 0.103797483406368
-0.353535353535353 -0.471470738279505 -1.5842424419553 -0.106904375554607 -0.401495694619586 -1.81472375183601 -0.0643568583823943 -0.532526852497445 -2.47255678943388 0.093547270021656
-0.333333333333333 -0.503619349373181 -1.59581010042111 -0.116753375892691 -0.438672064971052 -1.86281788907624 -0.0728417641003957 -0.581853944524921 -2.40717717601038 0.0822886754570666
-0.313131313131312 -0.535834195847043 -1.59049451684017 -0.127253086433678 -0.476633568937796 -1.89198195898312 -0.0820862821098585 -0.629635264408367 -2.31934189240828 0.070048423982776
-0.292929292929292 -0.567756152725713 -1.5665328423508 -0.138401277726391 -0.514969671222636 -1.89945439376787 -0.0921022208412507 -0.675406915497111 -2.2080810210381 0.0568623961334692
-0.272727272727272 -0.598992122247434 -1.52233373587105 -0.150188116277841 -0.553215606322225 -1.88264123980725 -0.10289254160176 -0.718688239195997 -2.07271162092567 0.0427760231676568
-0.252525252525252 -0.629119053503171 -1.45653235665828 -0.162595516965526 -0.590856562233332 -1.8391946628979 -0.114450302603127 -0.75898799997733 -1.91287551003134 0.0278445645036135
-0.232323232323232 -0.657689071413662 -1.36804491936055 -0.175596587874788 -0.627333410165392 -1.76708688987838 -0.126757703280399 -0.795811294421081 -1.72857296125591 0.0121332527531792
-0.212121212121211 -0.684235688975252 -1.25612108507403 -0.189155189767515 -0.662049852749357 -1.66467618185016 -0.139785258962166 -0.828667089676259 -1.52019112464071 -0.00428270735819214
-0.191919191919191 -0.708281040758633 -1.12039236556231 -0.203225631502023 -0.694380801650812 -1.53076222894605 -0.153491132727767 -0.85707627324243 -1.28852604398854 -0.0213182977462951
-0.171717171717171 -0.72934403835006 -0.960914682110172 -0.217752521095594 -0.723681754807805 -1.3646296215118 -0.167820647012894 -0.880580074006467 -1.03479723195885 -0.0388790123480972
-0.151515151515151 -0.746949311085286 -0.778203252754695 -0.232670789736622 -0.749298932351449 -1.16607968506997 -0.182705992714592 -0.898748694845741 -0.760653903357339 -0.0568613550444608
-0.131313131313131 -0.760636759468429 -0.573258086691005 -0.247905902925937 -0.770579954153422 -0.935452760869019 -0.198066148859208 -0.9111899806144 -0.468172140050219 -0.0751535126448267
-0.11111111111111 -0.769971515586274 -0.347578544411726 -0.263374269099578 -0.786884901242294 -0.673644667937803 -0.213807022054406 -0.917557932701521 -0.159842469328864 -0.0936362017591281
-0.0909090909090902 -0.774554076124645 -0.103165675273589 -0.278983851631383 -0.797597691556866 -0.382122228065136 -0.229821812611291 -0.91756087324238 0.161452424266216 -0.112183684477837
-0.07070707070707 -0.774030350707156 0.157488634105645 -0.294634985136433 -0.802137803521218 -0.0629429938712547 -0.245991613849609 -0.910969059017057 0.492469872016296 -0.130664943763197
-0.0505050505050498 -0.768101352515231 0.431426285226354 -0.310221391626615 -0.79997247749654 0.281216618256381 -0.26218625278274 -0.897621547482987 0.829649019860599 -0.148945005429928
-0.0303030303030296 -0.756532250617423 0.715261520845338 -0.325631386462851 -0.790629589203559 0.647022879212364 -0.278265383731349 -0.877432125494236 1.16916170918222 -0.166886389674883
-0.0101010101010094 -0.739160504974706 1.0052330952636 -0.340749258380163 -0.773711393756604 1.03043763383581 -0.294079850502991 -0.850394125111813 1.50697161323144 -0.184350671418238
0.0101010101010108 -0.715902816213228 1.29726926975522 -0.355456802320696 -0.748909261502196 1.42666864378469 -0.309473336157951 -0.816583970363427 1.83890053236308 -0.201200125358703
0.030303030303031 -0.686760643117144 1.58706436190176 -0.369634978591918 -0.716019355248836 1.83012822941807 -0.324284320257655 -0.776163323526145 2.16070050256486 -0.217299428732041
0.0505050505050512 -0.65182407114699 1.87016512051123 -0.383165667167428 -0.674958936168815 2.2344151514117 -0.338348359963938 -0.72937972894419 2.46813015432574 -0.232517392397076
0.0707070707070714 -0.611273854483075 2.14206478290084 -0.395933481951883 -0.625782655074522 2.63233717237831 -0.351500701786222 -0.676565685835454 2.75703358143072 -0.246728689144768
0.0909090909090916 -0.565381501080768 2.39830231774683 -0.407827606708293 -0.568697828522041 3.01599174869574 -0.363579214169872 -0.618136118098412 3.02341984932218 -0.259815547105971
0.111111111111112 -0.514507323587975 2.63456408171658 -0.418743612238949 -0.50407737234483 3.37691921605089 -0.374427607499519 -0.554584247781959 3.26354119629329 -0.271669375875126
0.131313131313132 -0.459096436975591 2.8467849361583 -0.428585213432359 -0.432468833663657 3.70633650768122 -0.383898878720721 -0.486475918495806 3.47396796224659 -0.282192293501217
0.151515151515152 -0.39967274437303 3.03124579208138 -0.437265925011581 -0.354597888137856 3.99545032315459 -0.391858885228205 -0.414442454423529 3.65165832131541 -0.291298523831487
0.171717171717172 -0.336831013710237 3.18466458409218 -0.444710576275932 -0.271364799187566 4.23583778505099 -0.398189920616128 -0.339172178535404 3.79402099640118 -0.298915635810566
0.191919191919193 -0.271227207086044 3.30427781870579 -0.450856647804922 -0.183832690936058 4.41987150515287 -0.402794137723691 -0.261400748885638 3.89896929350208 -0.30498559919649
0.212121212121213 -0.203567280064226 3.3879100964302 -0.455655396931403 -0.0932070536183186 4.54115641540823 -0.405596646613306 -0.181900503385202 3.96496500728914 -0.309465634690382
0.232323232323233 -0.134594717209522 3.43402936218612 -0.459072743686975 -0.000806629968836159 4.59493943867492 -0.406548110533053 -0.101469030142287 3.99105101036604 -0.312328840601416
0.252525252525253 -0.0650771111927187 3.44178608230662 -0.461089894732182 0.0919733573460831 4.57845143526466 -0.405626674056759 -0.0209172014796059 3.9768716388395 -0.313564582776938
0.272727272727273 0.00420787590845348 3.41103506176435 -0.461703689326324 0.183703885852188 4.49114454867555 -0.402839085109066 0.0589430756248622 3.92268031650788 -0.313178639496928
0.292929292929294 0.0724868101574555 3.34233918223582 -0.460926658457351 0.272968305888009 4.33479692463773 -0.398220914969912 0.137311132156956 3.82933420827372 -0.31119309822836
0.313131313131314 0.13900467465836 3.23695493753097 -0.458786795610433 0.358409149945829 4.11346975888235 -0.391835834036113 0.213409571585503 3.69827604869037 -0.307646006416534
0.333333333333334 0.203038585896221 3.09680024381299 -0.455327045062263 0.438772571907526 3.83331698595058 -0.383773960859502 0.286495811627348 3.53150364197935 -0.302590783712636
0.353535353535354 0.26391068918081 2.92440558369447 -0.450604520802332 0.51294757431925 3.5022634699336 -0.374149361588757 0.355872892040735 3.33152786371064 -0.296095408056952
0.373737373737375 0.320999911787838 2.72285008241957 -0.444689475965864 0.57999764390704 3.12958106660555 -0.36309683014655 0.420899327149766 3.10132030058192 -0.288241392719443
0.393939393939395 0.373752289603761 2.49568458964629 -0.437664048796448 0.639183113521847 2.7254015076001 -0.350768120826583 0.480997807545755 2.8442519334116 -0.279122575619141
0.414141414141415 0.421689629092933 2.24684423355115 -0.42962081644629 0.689973409617129 2.30020949059194 -0.337327830627937 0.535662586129944 2.5640244910828 -0.268843745891729
0.434343434343435 0.464416319407698 1.98055321065245 -0.420661192208483 0.732049219012682 1.86435828035046 -0.322949136760145 0.584465418354827 2.26459627303626 -0.257519135659997
0.454545454545455 0.501624167394161 1.70122476490538 -0.410893704937985 0.765295409502881 1.42764404735188 -0.307809585774124 0.627059964071395 1.95010435031886 -0.245270807215567
0.474747474747476 0.533095188896702 1.41335938812415 -0.400432201378682 0.78978617640909 0.998965342596131 -0.292087107139267 0.663184597607168 1.62478510763036 -0.232226967296463
0.494949494949496 0.558702350867162 1.12144424046564 -0.389394012840984 0.80576430252954 0.586082246808868 -0.275956389747684 0.69266361236655 1.29289508096889 -0.21852024082247
0.515151515151516 0.578408318120261 0.829856649250299 -0.377898127181239 0.813616589831574 0.195477693513726 -0.259585719559626 0.715406845158376 0.958633979232625 -0.204285936331825
0.535353535353536 0.592262314066433 0.542774305965191 -0.366063405377951 0.813847461451826 -0.167687085215585 -0.243134335265705 0.731407782472182 0.626071657411324 -0.189660334475601
0.555555555555556 0.60039525454356 0.264094457964634 -0.354006879277108 0.807052485438954 -0.499538881333496 -0.226750320695732 0.740740244999168 0.299080639554042 -0.174779029319155
0.575757575757577 0.603013356404281 -0.00263600062386398 -0.341842163421389 0.793893199412682 -0.797400986906571 -0.210569020928854 0.743553776913352 -0.0187244211678746 -0.159775349942267
0.595959595959597 0.600390456591899 -0.254278076478642 -0.329678009444873 0.775074186758832 -1.05966533053907 -0.194711945488499 0.740067892040439 -0.324039201752591 -0.144778887006668
0.616161616161617 0.592859302240005 -0.488144873435418 -0.317617026485981 0.751322934062698 -1.28564801985612 -0.179286107113333 0.730565349475253 -0.613913211785341 -0.12991414567092
0.636363636363637 0.580802087448119 -0.702031930779044 -0.305754585638921 0.723372636397461 -1.47544422963309 -0.164383737691874 0.715384646085767 -0.88578374383529 -0.115299342586669
0.656565656565658 0.564640517808872 -0.894233670316131 -0.294177920824264 0.691947843276101 -1.62979350860248 -0.150082322514225 0.694911922484488 -1.13749996169914 -0.101045360821633
0.676767676767678 0.544825679862517 -1.06354636553721 -0.282965432805189 0.657752665248082 -1.749961592018 -0.136444898075634 0.669572482473462 -1.36733709581372 -0.087254872539227
0.696969696969698 0.521827980144919 -1.20925844967972 -0.272186197589053 0.621461183685657 -1.83764045343328 -0.123520565254003 0.639822123880067 -1.5740009802531 -0.0740216352363032
0.717171717171718 0.496127398379483 -1.33112932710641 -0.261899675298504 0.583709706147777 -1.89486508751912 -0.111345177016781 0.606138471468126 -1.7566234086458 -0.0614299634069269
0.737373737373738 0.468204272874643 -1.42935813442029 -0.252155610913936 0.545090561976377 -1.92394357628433 -0.0999421665750883 0.569012490749169 -1.91474900051583 -0.0495543737604156
0.757575757575759 0.438530804720604 -1.50454410791211 -0.242994114194461 0.506147211421775 -1.92739629139648 -0.0893234873008384 0.528940345667541 -2.04831444980441 -0.0384593986632307
0.777777777777779 0.407563432416709 -1.55764034954145 -0.234445902663609 0.467370523785575 -1.90790038252179 -0.0794906394619276 0.486415744014953 -2.15762117002638 -0.0281995593701518
0.797979797979799 0.375736191609607 -1.58990284531113 -0.2265326888538 0.42919614899535 -1.86823665794924 -0.0704357610210692 0.441922892827357 -2.24330245358146 -0.0188194879187193
0.818181818181819 0.343455137143869 -1.60283658129647 -0.219267691065756 0.392002952963627 -1.81123722686684 -0.0621427607636571 0.395930162738222 -2.30628632563815 -0.0103541843241561
0.83838383838384 0.311093867980125 -1.59814053007381 -0.212656245712034 0.35611250703873 -1.73973353731251 -0.0545884723742908 0.348884536112088 -2.34775529665044 -0.00282939395564541
0.85858585858586 0.278990160930079 -1.57765315232633 -0.206696498848458 0.32178961818703 -1.6565054890183 -0.0477438082788272 0.301206889533222 -2.36910420417759 0.00373791129134182
0.87878787878788 0.247443687613873 -1.54329988501815 -0.201380154701585 0.289243865106296 -1.5642330017975 -0.0415748925314281 0.253288137592374 -2.37189728760366 0.00933896519339439
0.8989898989899 0.216714761370956 -1.49704387970913 -0.196693259804001 0.258632073691703 -1.46545174286577 -0.0360441530391402 0.205486242538844 -2.35782556285517 0.01397257025059
0.91919191919192 0.187024037631834 -1.44084102369109 -0.192617002667839 0.230061630558592 -1.36251469492908 -0.0311113551130275 0.15812407379079 -2.32866546322573 0.0176444089544081
0.939393939393941 0.15855307283732 -1.3766000338427 -0.189128510666529 0.203594501886836 -1.25756095919969 -0.0267345607086623 0.111488082965117 -2.28623959230058 0.020366320122905
0.959595959595961 0.131445633506633 -1.30614816894001 -0.18620162785677 0.179251801098926 -1.15249273080017 -0.0228710006558182 0.0658277443297288 -2.2323803012872 0.0221555562964972
0.979797979797981 0.105809638436347 -1.23120287006889 -0.183807659757679 0.157018735249334 -1.04896085403825 -0.0194778504943684 0.0213556976136013 -2.16889666132148 0.0230340370398203
1 0.0817196130115245 -1.15334941883458 -0.181916073515977 0.136849757117914 -0.948358842532988 -0.0165129040171566 -0.021751479957316 -2.09754525681196 0.0230276116144867
