101 0.015809982350931
101.058 0.0158835500657456
101.116 0.0159576321677799
101.174 0.0160322334608646
101.232 0.0161073588050064
101.29 0.0161830131171777
101.348 0.0162592013721193
101.406 0.0163359286031562
101.464 0.0164131999030268
101.522 0.0164910204247264
101.58 0.0165693953823638
101.638 0.0166483300520328
101.696 0.016727829772698
101.754 0.0168078999470952
101.812 0.0168885460426475
101.87 0.0169697735923957
101.928 0.0170515881959457
101.986 0.0171339955204307
102.044 0.0172170013014902
102.102 0.0173006113442658
102.16 0.0173848315244132
102.218 0.0174696677891323
102.276 0.0175551261582139
102.334 0.0176412127251058
102.392 0.0177279336579949
102.45 0.0178152952009105
102.508 0.0179033036748446
102.566 0.0179919654788924
102.624 0.0180812870914129
102.682 0.0181712750712085
102.74 0.0182619360587265
102.798 0.0183532767772804
102.856 0.0184453040342933
102.914 0.018538024722563
102.972 0.0186314458215489
103.03 0.0187255743986819
103.088 0.0188204176106977
103.146 0.0189159827049931
103.204 0.019012277021007
103.262 0.0191093079916254
103.32 0.019207083144612
103.378 0.019305610104064
103.436 0.0194048965918944
103.494 0.0195049504293404
103.552 0.0196057795384997
103.61 0.0197073919438937
103.668 0.01980979577406
103.726 0.0199129992631732
103.784 0.020017010752695
103.842 0.0201218386930553
103.9 0.0202274916453635
103.958 0.020333978283151
104.016 0.0204413073941463
104.074 0.0205494878820826
104.132 0.0206585287685387
104.19 0.0207684391948145
104.248 0.020879228423841
104.306 0.0209909058421258
104.364 0.0211034809617353
104.422 0.0212169634223142
104.48 0.0213313629931424
104.538 0.0214466895752313
104.596 0.0215629532034589
104.654 0.0216801640487464
104.712 0.0217983324202755
104.77 0.0219174687677477
104.828 0.0220375836836875
104.886 0.0221586879057893
104.944 0.0222807923193094
105.002 0.0224039079595038
105.06 0.022528046014114
105.118 0.0226532178258996
105.176 0.0227794348952213
105.234 0.0229067088826737
105.292 0.023035051611769
105.35 0.0231644750716744
105.408 0.0232949914200022
105.466 0.0234266129856555
105.524 0.0235593522717296
105.582 0.0236932219584712
105.64 0.0238282349062963
105.698 0.0239644041588683
105.756 0.0241017429462369
105.814 0.024240264688041
105.872 0.0243799829967749
105.93 0.024520911681121
105.988 0.0246630647493491
106.046 0.0248064564127854
106.104 0.0249511010893511
106.162 0.0250970134071742
106.22 0.0252442082082734
106.278 0.0253927005523198
106.336 0.0255425057204734
106.394 0.0256936392193008
106.452 0.0258461167847725
106.51 0.0259999543863439
106.568 0.0261551682311204
106.626 0.0263117747681104
106.684 0.0264697906925661
106.742 0.0266292329504163
106.8 0.0267901187427917
106.858 0.0269524655306468
106.916 0.0271162910394781
106.974 0.0272816132641439
107.032 0.0274484504737861
107.09 0.0276168212168571
107.148 0.0277867443262544
107.206 0.0279582389245657
107.264 0.0281313244294274
107.322 0.028306020558998
107.38 0.028482347337551
107.438 0.0286603251011897
107.496 0.0288399745036853
107.554 0.0290213165224449
107.612 0.0292043724646087
107.67 0.0293891639732824
107.728 0.0295757130339071
107.786 0.0297640419807707
107.844 0.0299541735036634
107.902 0.0301461306546825
107.96 0.0303399368551887
108.018 0.0305356159029189
108.076 0.0307331919792592
108.134 0.0309326896566825
108.192 0.0311341339063537
108.25 0.0313375501059087
108.308 0.0315429640474107
108.366 0.0317504019454883
108.424 0.0319598904456605
108.482 0.0321714566328534
108.54 0.0323851280401141
108.598 0.032600932657526
108.656 0.0328188989413322
108.714 0.0330390558232708
108.772 0.03326143272013
108.83 0.0334860595435263
108.888 0.0337129667099149
108.946 0.0339421851508346
109.004 0.0341737463233984
109.062 0.0344076822210312
109.12 0.0346440253844663
109.178 0.0348828089130037
109.236 0.0351240664760406
109.294 0.0353678323248789
109.352 0.03561414130482
109.41 0.0358630288675517
109.468 0.0361145310838391
109.526 0.0363686846565246
109.584 0.0366255269338474
109.642 0.0368850959230916
109.7 0.0371474303045711
109.758 0.037412569445962
109.816 0.0376805534169913
109.874 0.0379514230044931
109.932 0.0382252197278421
109.99 0.0385019858547751
110.048 0.038781764417613
110.106 0.0390645992298924
110.164 0.0393505349034218
110.222 0.0396396168657718
110.28 0.0399318913782148
110.338 0.040227405554124
110.396 0.0405262073778492
110.454 0.0408283457240802
110.512 0.0411338703777135
110.57 0.0414428320542381
110.628 0.0417552824206546
110.686 0.0420712741169437
110.744 0.042390860778102
110.802 0.0427140970567605
110.86 0.0430410386464047
110.918 0.0433717423052135
110.976 0.0437062658805374
111.034 0.0440446683340343
111.092 0.0443870097674829
111.15 0.0447333514492964
111.208 0.0450837558417559
111.266 0.0454382866289883
111.324 0.0457970087457094
111.382 0.0461599884067592
111.44 0.0465272931374509
111.498 0.046898991804763
111.556 0.0472751546493978
111.614 0.0476558533187371
111.672 0.0480411609007204
111.73 0.0484311519586793
111.788 0.0488259025671546
111.846 0.0492254903487317
111.904 0.0496299945119245
111.962 0.0500394958901444
112.02 0.0504540769817877
112.078 0.0508738219914806
112.136 0.0512988168725169
112.194 0.0517291493705324
112.252 0.0521649090684521
112.31 0.0526061874327572
112.368 0.0530530778611127
112.426 0.0535056757314049
112.484 0.0539640784522326
112.542 0.0544283855149058
112.6 0.0548986985469991
112.658 0.0553751213675167
112.716 0.0558577600437218
112.774 0.05634672294969
112.832 0.0568421208266445
112.89 0.0573440668451379
112.948 0.0578526766691423
113.006 0.0583680685221167
113.064 0.0588903632551221
113.122 0.0594196844170546
113.18 0.0599561583270738
113.238 0.0604999141493047
113.296 0.0610510839698952
113.354 0.0616098028765132
113.412 0.0621762090403718
113.47 0.0627504438008769
113.528 0.06333265175299
113.586 0.0639229808374082
113.644 0.0645215824336647
113.702 0.0651286114562577
113.76 0.0657442264539219
113.818 0.0663685897121578
113.876 0.0670018673591447
113.934 0.0676442294751609
113.992 0.0682958502056496
114.05 0.0689569078780629
114.108 0.0696275851226357
114.166 0.0703080689972341
114.224 0.0709985511164416
114.282 0.0716992277850425
114.34 0.0724103001360792
114.398 0.0731319742736577
114.456 0.0738644614206936
114.514 0.0746079780717885
114.572 0.0753627461514476
114.63 0.0761289931778444
114.688 0.0769069524323631
114.746 0.0776968631351454
114.804 0.0784989706268902
114.862 0.079313526557157
114.92 0.0801407890794442
114.978 0.0809810230533154
115.036 0.0818345002538724
115.094 0.0827014995888727
115.152 0.0835823073238191
115.21 0.0844772173153488
115.268 0.0853865312532786
115.326 0.0863105589116709
115.384 0.0872496184093046
115.442 0.0882040364799557
115.5 0.0891741487529109
115.558 0.0901603000441576
115.616 0.0911628446587135
115.674 0.0921821467045853
115.732 0.0932185804188697
115.79 0.0942725305065329
115.848 0.0953443924924316
115.906 0.0964345730871703
115.964 0.0975434905674165
116.022 0.0986715751713286
116.08 0.0998192695097807
116.138 0.100987028994112
116.196 0.102175322281157
116.254 0.103384631736353
116.312 0.104615453915776
116.37 0.105868300067977
116.428 0.107143696656556
116.486 0.108442185904461
116.544 0.109764326361031
116.602 0.11111069349288
116.66 0.112481880299776
116.718 0.113878497956701
116.776 0.115301176483395
116.834 0.116750565442714
116.892 0.118227334669212
116.95 0.119732175029469
117.008 0.121265799215724
117.066 0.122828942574499
117.124 0.124422363971961
117.182 0.126046846697905
117.24 0.127703199410317
117.298 0.129392257122604
117.356 0.131114882235695
117.414 0.132871965617349
117.472 0.134664427731136
117.53 0.136493219817703
117.588 0.138359325131106
117.646 0.140263760233127
117.704 0.142207576348699
117.762 0.144191860785728
117.82 0.146217738422824
117.878 0.148286373268636
117.936 0.150398970096743
117.994 0.152556776160289
118.052 0.154761082990797
118.11 0.157013228285892
118.168 0.159314597890955
118.226 0.161666627880048
118.284 0.164070806741801
118.342 0.166528677676293
118.4 0.16904184100938
118.458 0.171611956731331
118.516 0.17424074716708
118.574 0.176929999785883
118.632 0.179681570158698
118.69 0.182497385072163
118.748 0.185379445808627
118.806 0.188329831602356
118.864 0.191350703282711
118.922 0.194444307115842
118.98 0.197612978857254
119.038 0.200859148028439
119.096 0.204185342431723
119.154 0.207594192918459
119.212 0.21108843842679
119.27 0.21467093130635
119.328 0.218344642948562
119.386 0.222112669742504
119.444 0.225978239377834
119.502 0.22994471751779
119.56 0.234015614867067
119.618 0.238194594661155
119.676 0.242485480605793
119.734 0.246892265297333
119.792 0.251419119157196
119.85 0.256070399916136
119.908 0.260850662686822
119.966 0.265764670666267
120.024 0.27081740651289
120.082 0.276014084446598
120.14 0.281360163124082
120.198 0.286861359345804
120.256 0.292523662655708
120.314 0.298353350899676
120.372 0.304357006814227
120.43 0.310541535722849
120.488 0.316914184423924
120.546 0.323482561361176
120.604 0.330254658175385
120.662 0.337238872744521
120.72 0.344444033828715
120.778 0.351879427446593
120.836 0.359554825120541
120.894 0.367480514140638
120.952 0.375667330010284
121.01 0.384126691251088
121.068 0.392870636760596
121.126 0.401911865934022
121.184 0.411263781780341
121.242 0.42094053728439
121.3 0.430957085289782
121.358 0.441329232203165
121.416 0.452073695848382
121.474 0.463208167830222
121.532 0.474751380801417
121.59 0.486723181064257
121.648 0.499144606979409
121.706 0.512037973700266
121.764 0.525426964801184
121.822 0.539336731423471
121.88 0.553793999623744
121.938 0.568827186676591
121.996 0.584466527157195
122.054 0.600744209711198
122.112 0.617694525508356
122.17 0.63535402947525
122.228 0.653761715510179
122.286 0.672959207002244
122.344 0.692990964106436
122.402 0.7139045093687
122.46 0.735750673450054
122.518 0.758583862867586
122.576 0.782462351853042
122.634 0.807448600627363
122.692 0.833609602601718
122.75 0.861017263242209
122.808 0.889748813575059
122.866 0.919887261560248
122.924 0.951521884820966
122.982 0.984748768479203
123.04 1.01967139210735
123.098 1.05640127005242
123.156 1.09505864960961
123.214 1.1357732716975
123.272 1.17868519879245
123.33 1.22394571488225
123.388 1.27171830205409
123.446 1.32217969798026
123.504 1.37552103793098
123.562 1.43194908392434
123.62 1.49168754209062
123.678 1.55497846710821
123.736 1.62208374944568
123.794 1.69328667683322
123.852 1.76889355553046
123.91 1.8492353690936
123.968 1.93466944189893
124.026 2.02558106092042
124.084 2.12238499128902
124.142 2.22552679786646
124.2 2.33548385510919
124.258 2.45276588927707
124.316 2.57791484871538
124.374 2.71150383743988
124.432 2.85413477241632
124.49 3.00643433366364
124.548 3.1690476670194
124.606 3.34262917155436
124.664 3.52782955875535
124.722 3.72527821377824
124.78 3.93555973104854
124.838 4.15918335655405
124.896 4.39654397896159
124.954 4.64787331955556
125.012 4.91318014651169
125.07 5.19217877613319
125.128 5.48420594001558
125.186 5.78812742527006
125.244 6.10223785997198
125.302 6.42415969233667
125.36 6.75075075472033
125.418 7.07803355471165
125.476 7.40116302347081
125.534 7.71445191988194
125.592 8.0114731258439
125.65 8.28525421521823
125.708 8.52857078470513
125.766 8.73433091451384
125.824 8.89602523814687
125.882 9.00819886804699
125.94 9.06688779683732
125.998 9.06995845734237
126.056 9.01729808269677
126.114 8.91082491336973
126.172 8.7543165606066
126.23 8.55308453715995
126.288 8.31354552582245
126.346 8.04275037762122
126.404 7.74792920595112
126.462 7.43609814584346
126.52 7.11375536073853
126.578 6.78667575105806
126.636 6.45979917940965
126.694 6.13719754468283
126.752 5.82210167675538
126.81 5.51696870427874
126.868 5.22357281912474
126.926 4.94310588007976
126.984 4.67627806611113
127.042 4.42341219431554
127.1 4.18452807220691
127.158 3.95941529485312
127.216 3.7476942897082
127.274 3.54886627784626
127.332 3.36235329286704
127.39 3.1875295978979
127.448 3.0237458635439
127.506 2.87034738747064
127.564 2.72668750001753
127.622 2.59213714306676
127.68 2.46609145179411
127.738 2.3479740224195
127.796 2.23723941923574
127.854 2.13337436286502
127.912 2.03589794852094
127.97 1.94436116651044
128.028 1.85834593524736
128.086 1.7774638074914
128.144 1.70135447129291
128.202 1.62968413634204
128.26 1.56214387246763
128.318 1.49844794853318
128.376 1.43833220580612
128.434 1.38155248910334
128.492 1.32788315090233
128.55 1.27711563755262
128.608 1.22905716226282
128.666 1.18352946629888
128.724 1.14036766752359
128.782 1.09941919380685
128.84 1.06054279776864
128.898 1.02360764864498
128.956 0.988492496689607
129.014 0.955084905358657
129.072 0.923280546514953
129.13 0.892982553984017
129.188 0.864100930963508
129.246 0.836552007003526
129.304 0.810257940520168
129.362 0.785146263063055
129.42 0.761149461820993
129.478 0.738204597109545
129.536 0.71625295183655
129.594 0.695239710183027
129.652 0.67511366296458
129.71 0.655826937352453
129.768 0.637334748832594
129.826 0.619595173465429
129.884 0.602568938679659
129.942 0.586219230989633
130 0.570511519169401
130.058 0.555413391548025
130.116 0.540894406210285
130.174 0.526925952996328
130.232 0.513481126293262
130.29 0.500534607702042
130.348 0.488062557745453
130.406 0.476042515857544
130.464 0.46445330796268
130.522 0.453274961014188
130.58 0.442488623918224
130.638 0.432076494319404
130.696 0.422021750770761
130.754 0.412308489852318
130.812 0.402921667840698
130.87 0.393847046566531
130.928 0.385071143127723
130.986 0.376581183155278
131.044 0.36836505735401
131.102 0.360411281064195
131.16 0.352708956611434
131.218 0.345247738231684
131.276 0.338017799375926
131.334 0.331009802215287
131.392 0.32421486918198
131.45 0.317624556395036
131.508 0.311230828831889
131.566 0.305026037118177
131.624 0.299002895818228
131.682 0.293154463118162
131.74 0.287474121801948
131.798 0.281955561428662
131.856 0.276592761626238
131.914 0.27137997642367
131.972 0.266311719549518
132.03 0.261382750630127
132.088 0.256588062225967
132.146 0.251922867649211
132.204 0.247382589509833
132.262 0.242962848941467
132.32 0.238659455461862
132.378 0.234468397426051
132.436 0.230385833033421
132.494 0.226408081852654
132.552 0.222531616831089
132.61 0.218753056757477
132.668 0.215069159149247
132.726 0.211476813537441
132.784 0.207973035124384
132.842 0.204554958790844
132.9 0.201219833431041
132.958 0.19796501659539
133.016 0.194787969422135
133.074 0.191686251840426
133.132 0.18865751802846
133.19 0.185699512111432
133.248 0.182810064085072
133.306 0.179987085951449
133.364 0.17722856805461
133.422 0.17453257560442
133.48 0.171897245377714
133.538 0.169320782586596
133.596 0.166801457904338
133.654 0.164337604639932
133.712 0.161927616052956
133.77 0.159569942800869
133.828 0.157263090511405
133.886 0.155005617473131
133.944 0.152796132437692
134.002 0.150633292527678
134.06 0.148515801244336
134.118 0.146442406569814
134.176 0.144411899158824
134.234 0.142423110615012
134.292 0.14047491184753
134.35 0.13856621150361
134.408 0.136695954473172
134.466 0.134863120461737
134.524 0.133066722628097
134.582 0.13130580628346
134.64 0.129579447648907
134.698 0.127886752668227
134.756 0.126226855873335
134.814 0.124598919299641
134.872 0.123002131448889
134.93 0.12143570629712
134.988 0.119898882345535
135.046 0.118390921712161
135.104 0.116911109262347
135.162 0.1154587517762
135.22 0.114033177151204
135.278 0.112633733638315
135.336 0.111259789109974
135.394 0.109910730358507
135.452 0.108585962423491
135.51 0.107284907946739
135.568 0.106007006553617
135.626 0.104751714259474
135.684 0.103518502900042
135.742 0.10230685958469
135.8 0.101116286171523
135.858 0.0999462987633145
135.916 0.0987964272233461
135.974 0.0976662147102661
136.032 0.0965552172311167
136.09 0.095463003211729
136.148 0.0943891530837228
136.206 0.0933332588873789
136.264 0.0922949238897031
136.322 0.0912737622170119
136.38 0.0902693985014251
136.438 0.0892814675406629
136.496 0.0883096139705814
136.554 0.0873534919499103
136.612 0.0864127648566687
136.67 0.0854871049957792
136.728 0.0845761933174079
136.786 0.0836797191455794
136.844 0.0827973799166523
136.902 0.081928880927241
136.96 0.0810739350912002
137.018 0.0802322627053045
137.076 0.0794035912232645
137.134 0.0785876550377512
137.192 0.0777841952701026
137.25 0.0769929595674027
137.308 0.0762137019066474
137.366 0.07544618240571
137.424 0.0746901671408419
137.482 0.0739454279704525
137.54 0.0732117423649198
137.598 0.0724888932422025
137.656 0.0717766688090274
137.714 0.0710748624074347
137.772 0.0703832723664812
137.83 0.0697017018589013
137.888 0.0690299587625389
137.946 0.0683678555263712
138.004 0.0677152090409479
138.062 0.0670718405130856
138.12 0.0664375753446571
138.178 0.0658122430153206
138.236 0.0651956769690488
138.294 0.0645877145043144
138.352 0.0639881966677998
138.41 0.0633969681515028
138.468 0.0628138771931126
138.526 0.0622387754795442
138.584 0.0616715180535089
138.642 0.0611119632230208
138.7 0.0605599724737295
138.758 0.0600154103839798
138.816 0.0594781445425044
138.874 0.0589480454686519
138.932 0.0584249865350677
138.99 0.0579088438927384
139.048 0.0573994963983166
139.106 0.0568968255436514
139.164 0.0564007153874448
139.222 0.0559110524889634
139.28 0.0554277258437353
139.338 0.054950626821161
139.396 0.0544796491039795
139.454 0.0540146886295237
139.512 0.0535556435327025
139.57 0.0531024140906583
139.628 0.0526549026690378
139.686 0.0522130136698269
139.744 0.0517766534806959
139.802 0.0513457304258051
139.86 0.0509201547180244
139.918 0.050499838412521
139.976 0.0500846953616674
140.034 0.049674641171231
140.092 0.0492695931578025
140.15 0.0488694703074215
140.208 0.0484741932353652
140.266 0.0480836841470571
140.324 0.0476978668000664
140.382 0.0473166664671604
140.44 0.0469400099003752
140.498 0.0465678252960769
140.556 0.0462000422609793
140.614 0.0458365917790884
140.672 0.0454774061795475
140.73 0.0451224191053506
140.788 0.0447715654829026
140.846 0.0444247814923969
140.904 0.0440820045389849
140.962 0.0437431732247169
141.02 0.0434082273212271
141.078 0.0430771077431435
141.136 0.042749756522197
141.194 0.0424261167820132
141.252 0.0421061327135637
141.31 0.0417897495512567
141.368 0.0414769135496512
141.426 0.0411675719607724
141.484 0.0408616730120135
141.542 0.0405591658846061
141.6 0.0402600006926407
141.658 0.0399641284626239
141.716 0.0396715011135557
141.774 0.0393820714375107
141.832 0.0390957930807109
141.89 0.0388126205250736
141.948 0.0385325090702232
142.006 0.038255414815952
142.064 0.0379812946451167
142.122 0.0377101062069609
142.18 0.0374418079008497
142.238 0.0371763588604033
142.296 0.0369137189380226
142.354 0.0366538486897919
142.412 0.0363967093607502
142.47 0.0361422628705207
142.528 0.0358904717992877
142.586 0.0356412993741123
142.644 0.0353947094555777
142.702 0.0351506665247537
142.76 0.0349091356704733
142.818 0.0346700825769121
142.876 0.0344334735114623
142.934 0.0341992753128943
142.992 0.0339674553797956
143.05 0.033737981659283
143.108 0.033510822635979
143.166 0.0332859473212442
143.224 0.0330633252426613
143.282 0.032842926433763
143.34 0.0326247214239963
143.398 0.0324086812289194
143.456 0.032194777340622
143.514 0.0319829817183667
143.572 0.031773266779442
143.63 0.0315656053902248
143.688 0.0313599708574449
143.746 0.0311563369196466
143.804 0.0309546777388431
143.862 0.030754967892358
143.92 0.0305571823648492
143.978 0.0303612965405113
144.036 0.0301672861954508
144.094 0.0299751274902306
144.152 0.0297847969625795
144.21 0.0295962715202614
144.268 0.0294095284341029
144.326 0.0292245453311712
144.384 0.0290413001881027
144.442 0.0288597713245763
144.5 0.0286799373969278
144.558 0.028501777391903
144.616 0.028325270620545
144.674 0.0281503967122131
144.732 0.0279771356087305
144.79 0.0278054675586554
144.848 0.0276353731116757
144.906 0.0274668331131223
144.964 0.027299828698598
145.022 0.0271343412887205
145.08 0.0269703525839753
145.138 0.0268078445596776
145.196 0.026646799461039
145.254 0.0264871997983362
145.312 0.0263290283421824
145.37 0.0261722681188947
145.428 0.026016902405958
145.486 0.025862914727583
145.544 0.0257102888503541
145.602 0.0255590087789684
145.66 0.0254090587520601
145.718 0.0252604232381103
145.776 0.0251130869314413
145.834 0.0249670347482899
145.892 0.0248222518229617
145.95 0.0246787235040621
146.008 0.024536435350803
146.066 0.0243953731293843
146.124 0.0242555228094464
146.182 0.024116870560594
146.24 0.0239794027489893
146.298 0.0238431059340123
146.356 0.0237079668649864
146.414 0.0235739724779701
146.472 0.0234411098926097
146.53 0.0233093664090559
146.588 0.0231787295049383
146.646 0.0230491868324004
146.704 0.022920726215192
146.762 0.022793335645817
146.82 0.0226670032827376
146.878 0.0225417174476312
146.936 0.0224174666227007
146.994 0.0222942394480361
147.052 0.0221720247190266
147.11 0.0220508113838217
147.168 0.0219305885408413
147.226 0.0218113454363319
147.284 0.0216930714619699
147.342 0.0215757561525098
147.4 0.0214593891834763
147.458 0.0213439603689005
147.516 0.0212294596590971
147.574 0.0211158771384845
147.632 0.0210032030234448
147.69 0.0208914276602228
147.748 0.0207805415228654
147.806 0.0206705352111979
147.864 0.0205613994488377
147.922 0.020453125081245
147.98 0.0203457030738084
148.038 0.0202391245099661
148.096 0.0201333805893616
148.154 0.0200284626260315
148.212 0.0199243620466277
148.27 0.0198210703886711
148.328 0.0197185792988368
148.386 0.0196168805312697
148.444 0.0195159659459314
148.502 0.0194158275069757
148.56 0.0193164572811536
148.618 0.0192178474362462
148.676 0.0191199902395263
148.734 0.0190228780562462
148.792 0.0189265033481533
148.85 0.0188308586720305
148.908 0.0187359366782637
148.966 0.018641730109434
149.024 0.0185482317989333
149.082 0.0184554346696061
149.14 0.0183633317324133
149.198 0.0182719160851201
149.256 0.0181811809110062
149.314 0.0180911194775985
149.372 0.0180017251354254
149.43 0.0179129913167931
149.488 0.017824911534582
149.546 0.0177374793810643
149.604 0.017650688526742
149.662 0.0175645327192038
149.72 0.0174790057820023
149.778 0.01739410161355
149.836 0.0173098141860334
149.894 0.0172261375443462
149.952 0.0171430658050402
150.01 0.0170605931552934
150.068 0.0169787138518959
150.126 0.0168974222202523
150.184 0.0168167126534016
150.242 0.016736579611052
150.3 0.0166570176186326
150.358 0.0165780212663614
150.416 0.0164995852083269
150.474 0.0164217041615866
150.532 0.0163443729052792
150.59 0.0162675862797519
150.648 0.016191339185702
150.706 0.0161156265833318
150.764 0.0160404434915185
150.822 0.0159657849869959
150.88 0.0158916462035514
150.938 0.015818022331234
150.996 0.0157449086155764
151.054 0.0156723003568294
151.112 0.0156001929092079
151.17 0.0155285816801496
151.228 0.0154574621295858
151.286 0.0153868297692228
151.344 0.0153166801618361
151.402 0.0152470089205745
151.46 0.0151778117082759
151.518 0.0151090842367942
151.576 0.015040822266336
151.634 0.0149730216048084
151.692 0.0149056781071768
151.75 0.0148387876748325
151.808 0.0147723462549708
151.866 0.0147063498399783
151.924 0.0146407944668299
151.982 0.014575676216495
152.04 0.0145109912133533
152.098 0.0144467356246191
152.156 0.0143829056597749
152.214 0.0143194975700137
152.272 0.0142565076476893
152.33 0.0141939322257759
152.388 0.0141317676773351
152.446 0.0140700104149921
152.504 0.0140086568904184
152.562 0.0139477035938235
152.62 0.0138871470534544
152.678 0.0138269838351015
152.736 0.0137672105416134
152.794 0.0137078238124178
152.852 0.0136488203230503
152.91 0.0135901967846901
152.968 0.0135319499437026
153.026 0.0134740765811889
153.084 0.0134165735125419
153.142 0.0133594375870091
153.2 0.0133026656872617
153.258 0.0132462547289704
153.316 0.0131902016603873
153.374 0.0131345034619341
153.432 0.0130791571457957
153.49 0.0130241597555208
153.548 0.0129695083656277
153.606 0.0129152000812158
153.664 0.0128612320375835
153.722 0.0128076013998502
153.78 0.0127543053625859
153.838 0.0127013411494439
153.896 0.0126487060128008
153.954 0.0125963972334002
154.012 0.0125444121200023
154.07 0.0124927480090386
154.128 0.0124414022642712
154.186 0.0123903722764569
154.244 0.0123396554630168
154.302 0.0122892492677096
154.36 0.0122391511603104
154.418 0.012189358636294
154.476 0.0121398692165216
154.534 0.0120906804469337
154.592 0.0120417898982459
154.65 0.0119931951656495
154.708 0.0119448938685166
154.766 0.0118968836501085
154.824 0.0118491621772896
154.882 0.0118017271402434
154.94 0.0117545762521942
154.998 0.011707707249132
155.056 0.0116611178895405
155.114 0.0116148059541304
155.172 0.011568769245575
155.23 0.0115230055882503
155.288 0.011477512827978
155.346 0.011432288831773
155.404 0.0113873314875935
155.462 0.0113426387040946
155.52 0.0112982084103858
155.578 0.0112540385557915
155.636 0.0112101271096146
155.694 0.0111664720609037
155.752 0.011123071418223
155.81 0.0110799232094256
155.868 0.01103702548143
155.926 0.0109943762999994
155.984 0.0109519737495239
156.042 0.0109098159328057
156.1 0.0108679009708475
156.158 0.0108262270026433
156.216 0.0107847921849719
156.274 0.0107435946921941
156.332 0.010702632716051
156.39 0.0106619044654667
156.448 0.0106214081663524
156.506 0.0105811420614137
156.564 0.0105411044099598
156.622 0.0105012934877165
156.68 0.0104617075866401
156.738 0.0104223450147347
156.796 0.0103832040958718
156.854 0.0103442831696121
156.912 0.0103055805910296
156.97 0.0102670947305379
157.028 0.0102288239737195
157.086 0.0101907667211559
157.144 0.0101529213882617
157.202 0.0101152864051189
157.26 0.0100778602163151
157.318 0.0100406412807828
157.376 0.0100036280716409
157.434 0.00996681907603831
157.492 0.00993021279499981
157.55 0.0098938077432734
157.608 0.00985760244918009
157.666 0.0098215954544652
157.724 0.00978578531415185
157.782 0.00975017059639615
157.84 0.00971474988234429
157.898 0.00967952176599146
157.956 0.00964448485404243
158.014 0.00960963776577411
158.072 0.00957497913289959
158.13 0.00954050759943406
158.188 0.00950622182156242
158.246 0.00947212046750838
158.304 0.00943820221740546
158.362 0.00940446576316933
158.42 0.0093709098083719
158.478 0.009337533068117
158.536 0.00930433426891747
158.594 0.0092713121485739
158.652 0.00923846545605479
158.71 0.00920579295137824
158.768 0.00917329340549512
158.826 0.00914096560017357
158.884 0.00910880832788503
158.942 0.00907682039169164
