0.1 0.180547826044741 0.0639452262016746 0.0368511639757609
0.2 0.326787073282329 0.115261170716463 0.0663723182879438
0.3 0.443607355306158 0.155338970266071 0.0893286865220463
0.4 0.535278854144649 0.185448942103 0.106427312034176
0.5 0.605525878992216 0.206749799633262 0.11832073813155
0.6 0.657592067106352 0.220297215481231 0.125610482136342
0.7 0.694298081479324 0.227051788954506 0.128850314848636
0.8 0.718092717051513 0.227886443136678 0.128549351388941
0.9 0.731098098891545 0.223593295878102 0.125174966050342
1 0.735149653262093 0.214890041143104 0.119155544169891
1.1 0.731831421055942 0.202425875352401 0.110883070578264
1.2 0.722507272093365 0.186786986445264 0.100715570426072
1.3 0.708348436932347 0.168501655876876 0.0889794092047391
1.4 0.690357797402289 0.148044982365686 0.0759714557505024
1.5 0.6693913064698 0.125843261300884 0.061961119295995
1.6 0.646176860456894 0.102278040441062 0.0471922651896221
1.7 0.621330899373199 0.0776898808170352 0.0318850187045852
1.8 0.595373014039658 0.0523818251524496 0.0162374568206301
1.9 0.568738791944347 0.0266226216283342 0.00042720227066845
2 0.541791087502029 0.000649694988286397 -0.0153870830480457
2.1 0.514829905732073 -0.0253281046191678 -0.031064292604557
2.2 0.488101072905486 -0.0511279659106163 -0.04647955856412
2.3 0.461803826564784 -0.0765907668181239 -0.0615230159223969
2.4 0.436097445486373 -0.101578918905212 -0.0760986432385264
2.5 0.411107046381066 -0.125974367976016 -0.0901231774663156
2.6 0.386928633960595 -0.14967676115101 -0.103525096033151
2.7 0.363633508596874 -0.172601751429621 -0.116243666030152
2.8 0.341272092469311 -0.194679444696326 -0.128228052783454
2.9 0.319877248917989 -0.215852963905582 -0.139436486299192
3 0.29946717167104 -0.236077137038146 -0.149835484836847
3.1 0.280047866570031 -0.25531728534249 -0.15939912659391
3.2 0.261615315594243 -0.273548119495519 -0.168108372167175
3.3 0.244157313550008 -0.290752720206231 -0.175950431228626
3.4 0.227655068929902 -0.306921609708822 -0.182918175551544
3.5 0.212084564679807 -0.32205190174881 -0.189009586986374
3.6 0.197417718706132 -0.336146523073504 -0.19422724874235
3.7 0.183623374322232 -0.34921350351832 -0.198577870335006
3.8 0.17066813526077 -0.36126533045543 -0.202071847214324
3.9 0.158517079952628 -0.372318358706647 -0.204722850489083
4 0.147134344303844 -0.382392274641733 -0.206547449608068
4.1 0.136483620742725 -0.391509611814641 -0.207564759185154
4.2 0.126528563680031 -0.399695307240226 -0.207796115923119
4.3 0.117233129200021 -0.406976304587519 -0.207264778028005
4.4 0.108561839243793 -0.413381192361132 -0.205995649037302
4.5 0.100480002859635 -0.418939880736613 -0.204015021652523
4.6 0.0929538893509556 -0.423683307713936 -0.201350344437323
4.7 0.0859508554055911 -0.427643178681753 -0.198030006278739
4.8 0.0794394444418277 -0.430851730099531 -0.19408313821026
4.9 0.0733894529142207 -0.433341520675882 -0.189539433379087
5 0.0677719813207929 -0.435145245537677 -0.184428981566503
5.1 0.0625594565039462 -0.436295571398271 -0.178782119230812
5.2 0.0577256377366206 -0.436824990078891 -0.172629292363805
5.3 0.0532456174478732 -0.436765691406569 -0.166000932829525
5.4 0.049095802910893 -0.436149451330402 -0.158927345785896
5.5 0.0452538892518933 -0.435007533923345 -0.151438608725103
5.6 0.041698829235866 -0.433370608938664 -0.143564482249914
5.7 0.0384107947327012 -0.431268679558521 -0.135334327123999
5.8 0.0353711384614542 -0.428731023517845 -0.126777033011661
5.9 0.0325623451438181 -0.425786140818412 -0.117920954579078
6 0.0299679832867029 -0.422461714576736 -0.108793855606843
6.1 0.0275726641567988 -0.418784575185351 -0.0994228596473269
6.2 0.0253619816099138 -0.414780677184037 -0.0898344078714998
6.3 0.0233224766861444 -0.410475079582639 -0.0800542223782137
6.4 0.0214415752191591 -0.405891931844096 -0.0701072761402678
6.5 0.0197075525241074 -0.401054467417288 -0.0600177670717983
6.6 0.0181094753171436 -0.395984996735539 -0.0498090979755902
6.7 0.0166371665638979 -0.390704914772248 -0.0395038590265569
6.8 0.0152811514441041 -0.385234699253462 -0.0291238167632975
6.9 0.0140326232542179 -0.379593924421755 -0.0186899053218146
7 0.0128833968278903 -0.373801268050955 -0.00822222031153396
7.1 0.0118258755130329 -0.367874525959771 0.00225998219193928
7.2 0.0108530067830116 -0.361830628261843 0.0127382852186942
7.3 0.00995825061634325 -0.355685655595556 0.0231951081433421
7.4 0.00913554648530327 -0.349454858837181 0.033613700421533
7.5 0.00837928042926389 -0.343152680049306 0.0439781345935881
7.6 0.00768425318656241 -0.336792772188856 0.05427329608789
7.7 0.00704565580448649 -0.330388022141165 0.0644848726975096
7.8 0.00645903911456685 -0.323950574664973 0.0745993419554647
7.9 0.00592029092988375 -0.317491853309416 0.0846039562495299
8 0.00542561017014662 -0.3110225877223 0.0944867293284998
8.1 0.00497148579066192 -0.304552835032828 0.104236418145712
8.2 0.00455467810274291 -0.298092006009703 0.113842507857351
8.3 0.00417219312597026 -0.291648886568629 0.123295192836704
8.4 0.00382127405447308 -0.285231664339656 0.132585358306095
8.5 0.00349937431032547 -0.278847951843466 0.14170456236197
8.6 0.00320414722062914 -0.2725048102253 0.150645014893762
8.7 0.00293343071690547 -0.266208771811306 0.159399560860491
8.8 0.00268523239970399 -0.259965864523109 0.167961656308751
8.9 0.00245771752720754 -0.253781633372382 0.176325352148365
9 0.00224919463088412 -0.247661163309966 0.184485271248339
9.1 0.00205810969895574 -0.241609099924534 0.192436589937475
9.2 0.00188303179165781 -0.235629672075318 0.200175016969203
9.3 0.00172264367390782 -0.229726711131416 0.207696773091703
9.4 0.00157573375907906 -0.223903671854125 0.214998571894989
9.5 0.00144119000555924 -0.218163650419157 0.222077598886047
9.6 0.00131798796682894 -0.212509404691591 0.228931493476436
9.7 0.00120518707785657 -0.206943372016843 0.235558327598018
9.8 0.00110192334957591 -0.201467686579393 0.24195658807842
9.9 0.00100740207725458 -0.196084196195725 0.248125156683939
10 0.000920895361122745 -0.190794479891796 0.254063292614023
10.1 0.000841732633601169 -0.185599861702146 0.259770613272677
10.2 0.000769300208557406 -0.180501428173789 0.265247078526917
10.3 0.000703032646782979 -0.175500041451401 0.270492969850307
10.4 0.000642413086534253 -0.170596353182055 0.275508876988429
10.5 0.000586966692210925 -0.165790818728057 0.280295678945704
10.6 0.000536257382177611 -0.161083710365414 0.284854529193366
10.7 0.000489883810602328 -0.156475127840836 0.289186838298996
10.8 0.000447482563101562 -0.151965011217839 0.293294260605333
10.9 0.000408715881259629 -0.147553152323026 0.297178678051095
11 0.000373276460675085 -0.143239205213531 0.300842186106666
11.1 0.0003408811555003 -0.139022697179912 0.304287079250223
11.2 0.000311272697415752 -0.134903036877322 0.307515838824094
11.3 0.000284213865966809 -0.130879524765807 0.310531118381563
11.4 0.000259485531203414 -0.126951361505018 0.313335732021732
11.5 0.000236890918013063 -0.123117656075429 0.315932641798576
11.6 0.00021624794755193 -0.119377434999371 0.318324946017329
11.7 0.000197389041931769 -0.115729647215842 0.3205158677891
11.8 0.000180161114589639 -0.112173174284832 0.322508744316215
11.9 0.000164425223332828 -0.10870683431142 0.324307016013277
12 0.000150053243691052 -0.105329390530188 0.325914217167587
12.1 0.000136927645756558 -0.102039556399113 0.327333965466058
12.2 0.000124941222851981 -0.0988360006495506 0.328569953118836
12.3 0.000113997034649883 -0.0957173544693969 0.329625937592002
12.4 0.0001040047295624 -0.0926822135312642 0.330505733709885
12.5 9.48813663857677E-05 -0.0897291459107456 0.331213205223321
12.6 8.65531956582743E-05 -0.0868566942051436 0.331752256988852
12.7 7.89515323975841E-05 -0.084063380191108 0.332126827371048
12.8 7.20131149877455E-05 -0.0813477102219337 0.332340882162452
12.9 6.56805913243873E-05 -0.0787081760000819 0.332398406286387
13 5.99001127762944E-05 -0.0761432605358623 0.332303398913615
13.1 5.46264544367759E-05 -0.073651440816146 0.332059866960128
13.2 4.98128517311788E-05 -0.0712311894058572 0.331671818776937
13.3 4.54209423382264E-05 -0.0688809784387934 0.331143259472047
13.4 4.14140528583398E-05 -0.0665992815462897 0.330478185486897
13.5 3.77594839094906E-05 -0.0643845769469716 0.329680579663041
13.6 3.44249541917729E-05 -0.0622353485257929 0.328754406462457
13.7 3.13824665407005E-05 -0.0601500886100636 0.327703608185843
13.8 2.86076903382441E-05 -0.0581272991282541 0.326532101170083
13.9 2.60778838848713E-05 -0.0561654947880298 0.325243771328116
14 2.37700732067609E-05 -0.05426320193862 0.323842470156752
14.1 2.16656766047673E-05 -0.0524189636644616 0.322332013028188
14.2 1.97474492005503E-05 -0.0506313376456221 0.320716174684068
14.3 1.79974030899795E-05 -0.0488988991535133 0.318998687415033
14.4 1.6401546999045E-05 -0.0472202411799738 0.317183237485398
14.5 1.49462066354432E-05 -0.0455939764389727 0.31527346241481
14.6 1.36196358749194E-05 -0.0440187369080717 0.313272950676408
14.7 1.2409807335205E-05 -0.0424931751428278 0.311185237039262
14.8 1.13069364051241E-05 -0.0410159664808319 0.309013802951523
14.9 1.03016267311681E-05 -0.039585806590896 0.306762072899488
15 9.38499703035061E-06 -0.0382014140269177 0.304433414617476
15.1 8.54955120194879E-06 -0.0368615297562273 0.302031136299967
15.2 7.78919257357532E-06 -0.0355649181578589 0.299558485295417
15.3 7.09559342109227E-06 -0.0343103674845652 0.297018648668961
15.4 6.46295667133636E-06 -0.033096689129589 0.294414750053251
15.5 5.88746689710117E-06 -0.0319227177542837 0.291749850307163
15.6 5.3624709072292E-06 -0.0307873123612844 0.289026945567457
15.7 4.88473260308029E-06 -0.0296893560392132 0.286248968536482
15.8 4.44871798127047E-06 -0.0286277561578442 0.283418785584069
15.9 4.05224469353026E-06 -0.0276014426828015 0.28053919799764
16 3.69025999989045E-06 -0.0266093712181246 0.277612941125273
16.1 3.35957252279838E-06 -0.0256505199633883 0.274642684798252
16.2 3.05915853253219E-06 -0.0247238908838042 0.271631031460906
16.3 2.78507722538618E-06 -0.0238285093112511 0.268580518394668
16.4 2.53563687464225E-06 -0.0229634240013282 0.265493615831501
16.5 2.30858373170652E-06 -0.022127707299111 0.26237272874953
16.6 2.10177514928934E-06 -0.0213204535495261 0.259220195035718
16.7 1.91296636758562E-06 -0.0205407809435731 0.256038288662273
16.8 1.74125160127736E-06 -0.0197878278797947 0.252829216918207
16.9 1.58560565817206E-06 -0.0190607565339872 0.249595122794863
17 1.44372241864332E-06 -0.0183587499198846 0.246338084192329
17.1 1.31421171559617E-06 -0.017681013482755 0.243060116132364
17.2 1.19644224579138E-06 -0.0170267726259107 0.239763168897284
17.3 1.08981982489917E-06 -0.0163952733003119 0.236449130558178
17.4 9.91698323105262E-07 -0.0157857820055445 0.233119825884089
17.5 9.02677779038798E-07 -0.0151975858048394 0.229777019316469
17.6 8.21918829243283E-07 -0.0146299908476076 0.226422413281155
17.7 7.47722617085604E-07 -0.0140823235474562 0.223057650715805
17.8 6.80068181591983E-07 -0.0135539278338642 0.219684314190731
17.9 6.18178514181224E-07 -0.0130441666940994 0.216303928262543
18 5.62124076564699E-07 -0.0125524207794316 0.212917959162652
18.1 5.11822125727843E-07 -0.0120780890393324 0.209527816038495
18.2 4.65665305209247E-07 -0.0116205879996486 0.206134851483617
18.3 4.24321096179765E-07 -0.0111793502370941 0.202740362627899
18.4 3.85239386976933E-07 -0.010753825567623 0.199345591792088
18.5 3.50825649155986E-07 -0.010343479211808 0.195951727986037
18.6 3.19901620145499E-07 -0.00994779330060566 0.192559907026043
18.7 2.90909028277496E-07 -0.00956626489371032 0.18917121263996
18.8 2.65088488656756E-07 -0.00919840595035454 0.1857866775781
18.9 2.41699750131048E-07 -0.00884374298381294 0.182407284629965
19 2.20448842424816E-07 -0.00850181723549616 0.179033966949585
19.1 1.99787622001392E-07 -0.00817218360883339 0.175667608918085
19.2 1.812212066817E-07 -0.00785441002400907 0.172309048361915
19.3 1.65333760354746E-07 -0.00754807838617339 0.168959075591581
19.4 1.50252093948264E-07 -0.00725278336251903 0.165618435532858
19.5 1.3621873310577E-07 -0.00696813187538016 0.162287828217517
19.6 1.23840365074418E-07 -0.00669374333141826 0.158967910259066
19.7 1.13250584035405E-07 -0.00642924806978523 0.155659294572011
19.8 1.02940139147847E-07 -0.00617428851309577 0.152362552143103
19.9 9.39411325592275E-08 -0.00592851826224946 0.149078212875617
20 8.53993905388857E-08 -0.00569160208944818 0.145806766463624
20.1 7.79664568166356E-08 -0.00546321473762792 0.142548661888612
20.2 7.1075341648609E-08 -0.0052430404306786 0.139304310742528
20.3 6.4382796122808E-08 -0.00503077429807311 0.136074085951123
20.4 5.89664475136513E-08 -0.00482612069306463 0.132858323815849
20.5 5.37968673993701E-08 -0.00462879381601308 0.129657324079175
20.6 4.92668582475816E-08 -0.00443851546748302 0.126471351293383
20.7 4.4619633705278E-08 -0.00425501759395427 0.123300635098499
20.8 3.98638400680601E-08 -0.00407803915236743 0.120145371101703
20.9 3.65720211545374E-08 -0.00390732806968448 0.117005722316817
21 3.33078647592058E-08 -0.00374264025181418 0.113881818962473
21.1 2.99382106889915E-08 -0.00358373901724901 0.110773759439799
21.2 2.76938625479832E-08 -0.00343039432890483 0.107681611007993
21.3 2.46426680274296E-08 -0.00328238430061921 0.104605411305482
21.4 2.28042803967782E-08 -0.00313949282749876 0.101545168178395
21.5 1.92711847571023E-08 -0.00300151115281794 0.0985008603716993
21.6 1.78184717840293E-08 -0.00286823660690025 0.095472438070567
21.7 1.61035943764349E-08 -0.00273947221470696 0.092459823880906
21.8 1.41677388069481E-08 -0.00261502726715777 0.0894629141917065
21.9 1.28154658607873E-08 -0.00249471640186604 0.0864815775995331
22 1.16093563662283E-08 -0.00237836052950553 0.0835156576141457
22.1 1.1347134641736E-08 -0.00226578477762743 0.080564972186866
22.2 9.73707832580298E-09 -0.0021568192368704 0.0776293143316495
22.3 9.31659839282591E-09 -0.00205129937706977 0.0747084529412311
22.4 8.26989721186051E-09 -0.00194906475129543 0.0718021333651837
22.5 8.11308813123583E-09 -0.00184995976914669 0.0689100774915459
22.6 6.63661289201013E-09 -0.0017538323434369 0.0660319837110987
22.7 6.08383229965587E-09 -0.00166053440385705 0.0631675288465805
22.8 5.77866928944361E-09 -0.00156992193622365 0.060316367569993
22.9 4.83958760343978E-09 -0.0014818551621877 0.057478133153374
23 3.88763772245872E-09 -0.00139619626361048 0.0546524368401346
23.1 2.7074250677021E-09 -0.00131281156282818 0.0518388703407816
23.2 3.15009701482627E-09 -0.00123157041895308 0.0490370040592199
23.3 3.12638440452262E-09 -0.00115234469865919 0.0462463887361235
23.4 2.51230972839963E-09 -0.00107500884735548 0.0434665552836399
23.5 2.83455101179186E-09 -0.000999439526622567 0.0406970151790214
23.6 3.59674365487389E-09 -0.000925517238283565 0.037937260233768
23.7 3.76604596169652E-09 -0.000853122746024795 0.0351867637239057
23.8 3.78501457294089E-09 -0.000782139791317254 0.0324449802209079
23.9 3.39966020021364E-09 -0.000712453820566429 0.029711345858012
24 3.89182605579367E-09 -0.000643951259759114 0.0269852787075369
24.1 2.82593067059174E-09 -0.000576521000459531 0.0242661781454319
24.2 1.83284834920187E-09 -0.000510053131196202 0.0215534264639837
24.3 1.83520669193638E-09 -0.000444438177298019 0.0188463878219776
24.4 9.86200389421727E-10 -0.000379567707826024 0.0161444091054455
24.5 1.14962562669667E-09 -0.000315333842828998 0.0134468188480233
24.6 -4.17948112242949E-10 -0.000251630780402745 0.0107529288263456
24.7 -3.30973832442421E-10 -0.000188352049835593 0.00806203345283444
24.8 -9.31248552038365E-10 -0.000125391358410267 0.0053734099184669
24.9 -3.97064222051453E-10 -6.26427734150692E-05 0.00268631773091453
