500 0.0728615124740078 0.018407346410207 0.0606801349864276 0.0702543310183099 0.116924419843211 0.188548918842479
1000 0.0540990203238469 0.105592653589793 0.04255898780047 0.0701172504809127 0.0859242723637115 0.0537696232519416
1500 0.0404621597343786 0.101074013076873 0.0355264384530175 0.0414926182631472 0.0689691915524738 0.0450584178961138
2000 0.0363348592951727 0.0244073464102068 0.0309197661974154 0.0110993335232465 0.0606198004980586 0.0749117404045765
2500 0.0328990348794611 0.00399265358979317 0.0275556214033704 0.0289719276286151 0.0538976944926479 0.0259971223802316
3000 0.0294999711236519 0.0370740130768734 0.0254020784925706 0.028171061703508 0.0488677299156626 0.0116611230778432
3500 0.0275939165983401 0.0138359178387781 0.0228885045226752 0.0186667681345027 0.0454567277855936 0.0466235616584294
4000 0.0255669268782934 0.0354073464102069 0.021721672552635 0.00788144978283167 0.0428272267897579 0.0380241730206481
4500 0.0242871708246693 0.018407346410207 0.0207398088299262 0.00676497308303015 0.0404673889622055 0.0454293599588675
5000 0.0230247060350398 0.0200073464102068 0.0193595353741167 0.00238591732807736 0.0384893689994023 0.0108770527908346
5500 0.0216403085507069 0.0518618918647524 0.0186017427707401 0.0317653490020158 0.0361488992907109 0.0644116333628819
6000 0.0210210406057395 0.0197406797435402 0.0177016990237454 0.0154591295504476 0.0352852059911918 0.0484552102660474
6500 0.0203052693551873 0.0073304233332836 0.0171623799489651 0.0130624351176989 0.0336852540039554 0.0340907650575919
7000 0.0193453969935913 0.0332644892673497 0.0163563741471644 0.0219106012680741 0.0321432272681135 0.0366568081784502
7500 0.0189300489169997 0.00400734641020684 0.0160052198146951 0.00566755966871568 0.0310685083123636 0.00821187053416406
8000 0.0182787308093314 0.010407346410207 0.0153889827054248 0.0164864654903871 0.0303319402767198 0.0355945784849481
8500 0.0180987460839337 0.0390044182956752 0.0150443799552137 4.0050236604916E-05 0.0290822526843636 0.0367810295899962
9000 0.0171468768427237 0.0219629019657623 0.0144823593373634 0.0133751157892985 0.0283749495058481 0.00706182472411143
9500 0.0170294291724202 0.0258031799055827 0.014091155647789 0.00204182473400705 0.0278352857426697 0.0311266005177036
10000 0.0165671477327873 0.0211926535897931 0.0137671499926419 0.00762034834386194 0.0272645376419122 0.0377953940236564
10500 0.0159234553877882 0.0149787749816355 0.0133721797074369 0.0173395011258259 0.0264236172684952 0.00885538305701372
11000 0.0160141950555041 0.0557744717716111 0.0130727738755804 0.0145370062140726 0.0257293837150047 0.0309809810675716
11500 0.0153629741511146 0.0076796101115324 0.0127957176900971 0.00496372784045507 0.0252364923042252 0.0188975109300973
12000 0.0149523164933905 0.00607401307687372 0.0126079319433164 0.00089907449941462 0.0246671981541889 0.00494203412143657
12500 0.0147894691874996 0.0164726535897932 0.0123812941717504 0.00245788491865628 0.0240841888456679 0.000396655948461166
13000 0.0144536075445348 0.00836188435902407 0.0121610333889716 0.0195644400973944 0.0238653800688814 0.00119152162038727
13500 0.0140185718985743 0.0189999390027995 0.0118908642172225 0.0059878908248101 0.0231236827212008 0.0430671602294979
14000 0.0138428731492504 0.00612163212449257 0.0116514374851496 0.00966335023837805 0.0228990166882922 0.00939579205934127
14500 0.0135899958622276 0.00820044985848289 0.0114606547846122 0.000305579426621794 0.0223510939514968 0.00130028956593797
15000 0.0133227390799562 0.0149406797435403 0.0112499613101962 0.0204787630546419 0.0220583412164417 0.009073577057638
15500 0.0132171551106212 0.00481846004140607 0.0110359371586149 6.24649380522868E-05 0.0217188189695653 0.00285144242747171
16000 0.0128092831327518 0.0309073464102068 0.0108835741460428 0.0120378847822074 0.0214198633977509 0.0481652324014776
16500 0.012734318361158 0.00919522519808558 0.0107282006304139 0.00481392133754754 0.0210505160299244 0.0139629320653016
17000 0.012593426604761 0.000289699351383454 0.0105432306798542 0.0192907862651177 0.0206463960655971 0.0341132171494505
17500 0.0124334712818512 0.0037640821612217 0.0104395447988256 0.00772822030490294 0.0204627250087212 0.00977294643410076
18000 0.0121869874835081 0.0101851241879847 0.010305062415211 0.00626830521743171 0.0201942867008961 0.027521818525079
18500 0.012097661777733 0.00472778872492841 0.0100580501842724 0.00590035846837367 0.0198930144423916 0.0223023732774341
19000 0.0118801306639492 0.00661787272599623 0.00997567850964596 0.00875493313706954 0.019562025545055 0.021717301581289
19500 0.0117304625849561 0.00589452589738615 0.00986976851514965 0.0140428991973405 0.0193453935407199 0.0039308141270733
20000 0.0116227527720416 0.00219265358979293 0.0097512686426045 0.00493035441699385 0.0191234050148888 0.000667308028991176
20500 0.0114909141773673 0.00442192188247592 0.00967051874700839 0.0163835099445993 0.0189371573309307 0.0194324714811884
21000 0.0112174229330749 0.0235502035530639 0.00953614268281074 0.0137309652218747 0.0186932633161337 0.0128973667885584
21500 0.0112058200057979 0.00131358382235147 0.00941576211277211 0.0122994175721027 0.018465441504409 0.0169196484851284
22000 0.0110311167017421 0.00858916459202508 0.00927452305458792 0.00557708416791636 0.0182473545236012 0.0101247160827769
22500 0.0109433206858053 0.000985124187984798 0.00916645242270732 0.000280928794081259 0.0181042100806643 0.00139707692754643
23000 0.0108766549883839 0.0106361318506627 0.00908350458404379 0.00598610725079007 0.0178753265098011 0.0101220552100707
23500 0.0107014892580624 0.00240734641020701 0.00896348338579566 0.00919120315034583 0.0176503661346917 0.00278385691445271
24000 0.0105250692242819 0.0165740130768737 0.00889201304884736 0.00364160797408397 0.0174274301761276 0.00394800311267263
24500 0.0104523309910669 0.00877469334898251 0.00880361703170439 0.00635122675505917 0.0173115783420608 0.0389394074020593
25000 0.0103930746172632 0.00159265358979299 0.00871857452269526 0.00730171208753694 0.0170683638096342 0.0242974141801531
25500 0.0102916993303759 0.0018279477074401 0.00862577514990677 0.000331580467874293 0.0169374724132889 0.00649033411412381
26000 0.0102294164697151 0.01051573051287 0.00854559891820134 0.000927128253952247 0.01674755942936 0.0151170413668429
26500 0.0100962541810823 0.00197001208035896 0.00844769730399938 0.00819346513267094 0.0165811285724745 0.00632501333496283
27000 0.00999071779740586 0.000777716780577364 0.00837568719402237 0.00649089220333288 0.0164582056841265 0.0029769173132661
27500 0.00999081083070068 0.0213017444988841 0.00832922560018282 0.00100965223569283 0.0163374568331951 0.00893838768069388
28000 0.00988676084910844 0.0177355107326505 0.00824395559353748 0.00334724711664736 0.0161303555925848 0.0254764360106026
28500 0.00973314099007021 0.00138212727400377 0.00813983649707821 0.0022590944798857 0.0160144036643918 0.00586384975687837
29000 0.00966821527737768 0.00614437772772414 0.00809922271430097 0.00964971547979987 0.0158454790267531 0.0110686350416822
29500 0.00952486531766195 0.00891582098647792 0.00802223140863374 0.00830053317432622 0.0157710669671943 0.0155929455427524
30000 0.00949766564692297 0.00412598692312649 0.00795008913239554 0.0070609261045913 0.0156947420651782 0.0190225842977054
30500 0.00937302596819413 0.0075221005085675 0.00789402892401618 0.00837235080513654 0.0155248274690776 0.0195301759954472
31000 0.00931182824216819 0.00382670124891638 0.00783396863016494 0.00115132012687535 0.0153282234266781 0.00482895770155523
31500 0.00921161447683528 0.010407346410207 0.00776456558239149 0.00748957212248147 0.0151598461802766 0.0155324014341862
32000 0.00914084217156542 0.010032346410207 0.00770300243847365 0.00420816343565722 0.0151162343317403 0.00605673676088703
32500 0.00907215561250147 0.00954580794866855 0.007667456769963 0.00814501620605501 0.0149992907980617 0.0280396907627303
33000 0.00901249242910212 0.0071346191374797 0.00762651922532683 0.0157874934526014 0.014903555246521 0.0038181085000808
33500 0.0090068459470198 0.0091747431420317 0.00750121981276388 0.00223361016188406 0.0148183154401208 0.00316240882325403
34000 0.00888486178734686 0.00558381699844235 0.00746666571954166 0.00659419577588904 0.0146653376834441 0.00673981953139213
34500 0.008830887908039 0.00275517249716328 0.0074057178344975 0.0010848800804264 0.0145716669541814 0.00884753785635128
35000 0.00879601466077316 0.00490693930407904 0.00735225682004685 0.00333809924986372 0.0144816651389219 0.0141334118565055
35500 0.00871190832346475 0.00105523373415073 0.00732189650142997 0.0054865223771019 0.0144072816289673 0.0233360269799556
36000 0.00866292604856512 0.00214820914534863 0.00726975564637217 0.0130183739249032 0.0142246092572872 0.00418862450402946
36500 0.00859918025741046 0.000989913863765679 0.00722546905778299 0.00241092989829284 0.0141558135533931 0.0153637004222684
37000 0.00854227480981623 0.00137643737357696 0.00714859462526794 0.00400925059197199 0.0140970572600037 0.00799712702275768
37500 0.0085357039196108 0.0156193202564596 0.00709618730053776 0.00307747377388568 0.013952921273872 0.00814034798309393
38000 0.00843812562923269 0.00390844306347748 0.00707045035788195 8.61196171588752E-05 0.0138373576700949 0.0158562201143222
38500 0.00834264600749391 0.00749825550111582 0.00701496989829631 0.0114866107216307 0.013817399997276 0.0129852024715853
39000 0.00830050445133087 0.00425350025636062 0.00698572560505943 0.00341576461901116 0.0136816741719103 0.00286762657327833
39500 0.00819719781239933 0.0185086122329916 0.00691585355836369 0.0136609937026999 0.0135984264712197 0.0055451073500965
